object={
	name="rock_red_generator_1_0"
	clamp_to_water_level=no
	render_under_water=no
	generated_content=yes
	layer="rock_layer"
	pdxmesh="rock_Lshape_red_mesh"
	count=102
	transform="105.080322 0.000000 821.336365 0.000000 0.986977 0.000000 -0.160863 0.520732 0.520732 0.520732
121.488640 0.000000 845.533691 0.000000 0.947382 0.000000 -0.320104 0.542626 0.542626 0.542626
144.450302 0.000000 850.693054 0.000000 0.358237 0.000000 -0.933631 0.655757 0.655757 0.655757
143.887619 0.000000 842.441467 0.000000 0.759393 0.000000 -0.650632 0.591083 0.591083 0.591083
177.660294 0.000000 858.906921 0.000000 0.645896 0.000000 -0.763425 0.612762 0.612762 0.612762
202.459549 0.000000 861.320007 0.000000 0.926869 0.000000 -0.375384 0.551013 0.551013 0.551013
217.476929 0.000000 877.525879 0.000000 0.885053 0.000000 0.465490 0.436780 0.436780 0.436780
227.923386 0.000000 885.800232 0.000000 0.051785 0.000000 -0.998658 0.698334 0.698334 0.698334
235.109436 0.000000 870.708435 0.000000 0.865142 0.000000 0.501527 0.431010 0.431010 0.431010
128.209290 0.000000 920.881470 0.000000 0.251862 0.000000 -0.967763 0.672512 0.672512 0.672512
138.467361 0.000000 957.296570 0.000000 0.220661 0.000000 0.975351 0.321933 0.321933 0.321933
141.748199 0.000000 951.546448 0.000000 0.529244 0.000000 0.848470 0.367975 0.367975 0.367975
185.687836 0.000000 928.339417 0.000000 0.324152 0.000000 0.946005 0.335527 0.335527 0.335527
208.442505 0.000000 1010.653992 0.000000 0.483082 0.000000 0.875575 0.361530 0.361530 0.361530
293.380188 0.000000 878.411377 0.000000 0.963963 0.000000 0.266036 0.464908 0.464908 0.464908
324.347839 0.000000 956.996826 0.000000 0.989287 0.000000 0.145981 0.481127 0.481127 0.481127
586.412720 0.000000 1021.280945 0.000000 0.724240 0.000000 -0.689548 0.599346 0.599346 0.599346
757.334106 0.000000 943.287231 0.000000 0.335219 0.000000 0.942140 0.339842 0.339842 0.339842
754.640869 0.000000 933.059814 0.000000 0.697868 0.000000 0.716227 0.396354 0.396354 0.396354
805.317749 0.000000 974.387939 0.000000 0.907020 0.000000 -0.421088 0.555883 0.555883 0.555883
2013.036377 0.000000 385.137268 0.000000 0.858084 0.000000 0.513508 0.430530 0.430530 0.430530
1952.198242 0.000000 461.206177 0.000000 0.227762 0.000000 0.973717 0.325574 0.325574 0.325574
1960.853882 0.000000 501.414459 0.000000 0.907072 0.000000 -0.420976 0.555759 0.555759 0.555759
1777.465088 0.000000 762.930359 0.000000 0.735699 0.000000 0.677309 0.403587 0.403587 0.403587
2022.744751 0.000000 615.589539 0.000000 0.365392 0.000000 -0.930854 0.655959 0.655959 0.655959
1969.441650 0.000000 666.953796 0.000000 0.951520 0.000000 0.307586 0.458552 0.458552 0.458552
1965.525635 0.000000 663.616760 0.000000 0.148439 0.000000 -0.988922 0.687774 0.687774 0.687774
1781.052734 0.000000 767.957397 0.000000 0.281795 0.000000 0.959475 0.333805 0.333805 0.333805
1802.264404 0.000000 797.335632 0.000000 0.952968 0.000000 0.303070 0.460180 0.460180 0.460180
373.380951 0.000000 1199.224731 0.000000 0.272614 0.000000 0.962123 0.324166 0.324166 0.324166
347.300415 0.000000 1241.723633 0.000000 0.255328 0.000000 -0.966855 0.671059 0.671059 0.671059
301.728699 0.000000 1335.452759 0.000000 0.929208 0.000000 -0.369557 0.548952 0.548952 0.548952
325.376282 0.000000 1294.309814 0.000000 0.674000 0.000000 -0.738732 0.606245 0.606245 0.606245
515.651978 0.000000 1034.260498 0.000000 0.271083 0.000000 0.962556 0.331069 0.331069 0.331069
651.731873 0.000000 1038.908325 0.000000 0.848076 0.000000 -0.529875 0.572499 0.572499 0.572499
695.412964 0.000000 1033.453125 0.000000 0.992279 0.000000 -0.124023 0.516049 0.516049 0.516049
722.644775 0.000000 1029.036377 0.000000 0.987509 0.000000 0.157563 0.479341 0.479341 0.479341
732.721680 0.000000 1031.336914 0.000000 0.770796 0.000000 0.637082 0.410677 0.410677 0.410677
707.428833 0.000000 1060.700073 0.000000 0.529340 0.000000 0.848410 0.368242 0.368242 0.368242
2079.971191 0.000000 249.045547 0.000000 0.838256 0.000000 0.545276 0.425274 0.425274 0.425274
2172.935791 0.000000 245.804382 0.000000 0.935099 0.000000 0.354387 0.452790 0.452790 0.452790
2219.540527 0.000000 175.119308 0.000000 0.071640 0.000000 0.997431 0.305761 0.305761 0.305761
2267.066162 0.000000 185.981491 0.000000 0.068842 0.000000 0.997628 0.307272 0.307272 0.307272
2181.149902 0.000000 238.567627 0.000000 0.358476 0.000000 -0.933539 0.656926 0.656926 0.656926
2346.197998 0.000000 253.468445 0.000000 0.967333 0.000000 0.253511 0.467302 0.467302 0.467302
2399.932129 0.000000 217.053360 0.000000 0.123551 0.000000 0.992338 0.313965 0.313965 0.313965
2127.645752 0.000000 266.582123 0.000000 0.527945 0.000000 0.849279 0.369548 0.369548 0.369548
2149.076660 0.000000 256.844818 0.000000 0.771474 0.000000 0.636261 0.411331 0.411331 0.411331
2160.204346 0.000000 498.778992 0.000000 0.658225 0.000000 0.752821 0.391051 0.391051 0.391051
2342.705811 0.000000 295.667633 0.000000 0.463859 0.000000 -0.885909 0.640216 0.640216 0.640216
2314.201904 0.000000 381.437195 0.000000 0.724748 0.000000 -0.689014 0.596972 0.596972 0.596972
2347.977051 0.000000 355.694855 0.000000 0.251929 0.000000 -0.967746 0.668560 0.668560 0.668560
2459.042725 0.000000 281.958069 0.000000 0.882657 0.000000 -0.470017 0.562912 0.562912 0.562912
2519.190430 0.000000 329.625061 0.000000 0.383510 0.000000 0.923537 0.349232 0.349232 0.349232
2509.459473 0.000000 343.694885 0.000000 0.951737 0.000000 0.306915 0.459736 0.459736 0.459736
2638.802734 0.000000 415.850403 0.000000 0.355051 0.000000 -0.934847 0.656499 0.656499 0.656499
2639.995361 0.000000 417.355957 0.000000 0.998226 0.000000 -0.059538 0.507749 0.507749 0.507749
2639.583252 0.000000 458.535248 0.000000 0.972509 0.000000 -0.232867 0.530687 0.530687 0.530687
2053.165527 0.000000 622.473877 0.000000 0.968230 0.000000 0.250063 0.467756 0.467756 0.467756
2053.088135 0.000000 640.751038 0.000000 0.966861 0.000000 0.255303 0.466614 0.466614 0.466614
2294.616455 0.000000 733.891357 0.000000 0.946379 0.000000 -0.323059 0.542459 0.542459 0.542459
2340.102051 0.000000 637.074951 0.000000 0.002298 0.000000 0.999997 0.297943 0.297943 0.297943
2344.807129 0.000000 661.375427 0.000000 0.529967 0.000000 0.848018 0.369855 0.369855 0.369855
2836.924072 0.000000 895.926147 0.000000 0.163178 0.000000 -0.986597 0.681589 0.681589 0.681589
3824.001221 0.000000 978.661804 0.000000 0.271856 0.000000 0.962338 0.330851 0.330851 0.330851
3863.026367 0.000000 873.492249 0.000000 0.834878 0.000000 0.550434 0.425348 0.425348 0.425348
3883.337402 0.000000 878.947449 0.000000 0.283104 0.000000 0.959089 0.332059 0.332059 0.332059
3839.756348 0.000000 984.865845 0.000000 0.483260 0.000000 0.875477 0.362622 0.362622 0.362622
3844.869629 0.000000 992.665100 0.000000 0.042628 0.000000 -0.999091 0.697623 0.697623 0.697623
3843.245850 0.000000 1002.268311 0.000000 0.820770 0.000000 -0.571259 0.579391 0.579391 0.579391
2181.072754 0.000000 1184.618286 0.000000 0.914227 0.000000 0.405203 0.445526 0.445526 0.445526
2230.624268 0.000000 1277.758545 0.000000 0.980561 0.000000 0.196216 0.474065 0.474065 0.474065
2386.196533 0.000000 1334.478516 0.000000 0.824930 0.000000 -0.565235 0.578285 0.578285 0.578285
2488.250244 0.000000 1489.733154 0.000000 0.907528 0.000000 -0.419993 0.557027 0.557027 0.557027
2742.561768 0.000000 1501.703857 0.000000 0.928704 0.000000 0.370823 0.451061 0.451061 0.451061
2771.476074 0.000000 1515.195190 0.000000 0.219246 0.000000 0.975670 0.317361 0.317361 0.317361
2984.729004 0.000000 1301.219116 0.000000 0.973857 0.000000 -0.227160 0.529807 0.529807 0.529807
2782.368896 0.000000 1540.276733 0.000000 0.469280 0.000000 -0.883050 0.647803 0.647803 0.647803
2786.915039 0.000000 1548.733032 0.000000 0.992769 0.000000 -0.120038 0.516432 0.516432 0.516432
2788.998535 0.000000 1568.524536 0.000000 0.927215 0.000000 -0.374529 0.550699 0.550699 0.550699
3520.007080 0.000000 1037.065552 0.000000 0.984297 0.000000 -0.176523 0.523170 0.523170 0.523170
3747.930176 0.000000 1116.957764 0.000000 0.785830 0.000000 -0.618442 0.586559 0.586559 0.586559
3780.877441 0.000000 1088.641724 0.000000 0.159970 0.000000 -0.987122 0.683065 0.683065 0.683065
3702.069336 0.000000 1177.270508 0.000000 0.648070 0.000000 0.761580 0.386960 0.386960 0.386960
3740.744385 0.000000 1205.570068 0.000000 0.516011 0.000000 0.856582 0.364668 0.364668 0.364668
3638.452393 0.000000 1309.750732 0.000000 0.149999 0.000000 -0.988686 0.684020 0.684020 0.684020
3688.643066 0.000000 2516.922363 0.000000 0.999826 0.000000 -0.018664 0.502516 0.502516 0.502516
3691.929932 0.000000 2514.545898 0.000000 0.914463 0.000000 0.404669 0.445291 0.445291 0.445291
3725.311035 0.000000 2551.155762 0.000000 0.161779 0.000000 -0.986827 0.687397 0.687397 0.687397
3583.027344 0.000000 2908.837891 0.000000 0.353964 0.000000 -0.935259 0.657857 0.657857 0.657857
3582.271240 0.000000 2915.940674 0.000000 0.825208 0.000000 -0.564829 0.579720 0.579720 0.579720
3606.456299 0.000000 2621.430420 0.000000 0.866058 0.000000 0.499943 0.428375 0.428375 0.428375
3615.023438 0.000000 2620.908203 0.000000 0.830765 0.000000 0.556623 0.421449 0.421449 0.421449
3602.721924 0.000000 2621.825195 0.000000 0.946490 0.000000 -0.322732 0.543809 0.543809 0.543809
3667.366699 0.000000 2602.929688 0.000000 0.912827 0.000000 0.408347 0.442031 0.442031 0.442031
3668.625488 0.000000 2600.705811 0.000000 0.335656 0.000000 0.941985 0.334076 0.334076 0.334076
3612.841064 0.000000 2624.590332 0.000000 0.700561 0.000000 0.713592 0.392280 0.392280 0.392280
3615.567139 0.000000 2625.154053 0.000000 0.770903 0.000000 0.636952 0.404148 0.404148 0.404148
3595.824707 0.000000 2947.062012 0.000000 0.795319 0.000000 -0.606191 0.583572 0.583572 0.583572
3694.673828 0.000000 3007.217529 0.000000 0.751624 0.000000 -0.659591 0.593506 0.593506 0.593506
3690.375977 0.000000 3000.889648 0.000000 0.605667 0.000000 0.795718 0.378013 0.378013 0.378013
3732.251953 0.000000 3003.083008 0.000000 0.973576 0.000000 -0.228362 0.531405 0.531405 0.531405
"}
object={
	name="rock_red_generator_1_1"
	clamp_to_water_level=no
	render_under_water=no
	generated_content=yes
	layer="rock_layer"
	pdxmesh="rock_jagged_red_mesh"
	count=38
	transform="247.467621 0.000000 873.492249 0.000000 0.555751 0.000000 -0.831349 0.628403 0.628403 0.628403
157.262802 0.000000 897.012268 0.000000 0.487040 0.000000 0.873380 0.362383 0.362383 0.362383
137.750336 0.000000 959.916626 0.000000 0.925892 0.000000 -0.377787 0.550970 0.550970 0.550970
279.463715 0.000000 937.476624 0.000000 0.949728 0.000000 0.313078 0.459376 0.459376 0.459376
288.401306 0.000000 973.081177 0.000000 0.414252 0.000000 -0.910162 0.648187 0.648187 0.648187
800.127319 0.000000 1016.858032 0.000000 0.487138 0.000000 0.873325 0.361867 0.361867 0.361867
1958.871704 0.000000 665.478394 0.000000 0.887613 0.000000 0.460589 0.437741 0.437741 0.437741
1797.196655 0.000000 878.411377 0.000000 0.693838 0.000000 0.720131 0.396428 0.396428 0.396428
1797.196655 0.000000 910.403564 0.000000 0.991560 0.000000 -0.129652 0.516587 0.516587 0.516587
544.165161 0.000000 1031.849365 0.000000 0.740788 0.000000 0.671739 0.404748 0.404748 0.404748
575.938049 0.000000 1025.544556 0.000000 0.965320 0.000000 0.261068 0.465843 0.465843 0.465843
2314.201904 0.000000 189.484070 0.000000 0.711024 0.000000 -0.703168 0.599877 0.599877 0.599877
2047.974976 0.000000 281.037720 0.000000 0.555440 0.000000 -0.831556 0.626736 0.626736 0.626736
2079.971191 0.000000 345.022095 0.000000 0.954372 0.000000 0.298621 0.460632 0.460632 0.460632
2154.636475 0.000000 490.406036 0.000000 0.412618 0.000000 -0.910904 0.648705 0.648705 0.648705
2479.602783 0.000000 298.574310 0.000000 0.260499 0.000000 -0.965474 0.669382 0.669382 0.669382
2506.178467 0.000000 349.445007 0.000000 0.925812 0.000000 -0.377984 0.549643 0.549643 0.549643
2525.633301 0.000000 332.528015 0.000000 0.313842 0.000000 -0.949475 0.662166 0.662166 0.662166
2570.170654 0.000000 349.445007 0.000000 0.681495 0.000000 -0.731823 0.605557 0.605557 0.605557
2634.162842 0.000000 413.429382 0.000000 0.194387 0.000000 -0.980925 0.676121 0.676121 0.676121
2069.797852 0.000000 550.372437 0.000000 0.893377 0.000000 0.449308 0.438923 0.438923 0.438923
2085.161621 0.000000 558.489502 0.000000 0.427523 0.000000 0.904005 0.352581 0.352581 0.352581
2303.727295 0.000000 737.614929 0.000000 0.853421 0.000000 -0.521222 0.570768 0.570768 0.570768
2231.225586 0.000000 1289.390625 0.000000 0.588196 0.000000 -0.808719 0.621111 0.621111 0.621111
2737.348145 0.000000 1530.742920 0.000000 0.235994 0.000000 0.971754 0.320021 0.320021 0.320021
2766.179688 0.000000 1552.140869 0.000000 0.694127 0.000000 0.719853 0.390060 0.390060 0.390060
2789.075684 0.000000 1550.247314 0.000000 0.326185 0.000000 0.945306 0.340759 0.340759 0.340759
3494.684326 0.000000 1305.322144 0.000000 0.477054 0.000000 0.878874 0.360102 0.360102 0.360102
3730.277832 0.000000 1125.012939 0.000000 0.075932 0.000000 0.997113 0.307065 0.307065 0.307065
3813.610352 0.000000 1138.348145 0.000000 0.965620 0.000000 0.259957 0.465597 0.465597 0.465597
3720.639160 0.000000 2516.922363 0.000000 0.711828 0.000000 -0.702353 0.604396 0.604396 0.604396
3486.282959 0.000000 2787.971924 0.000000 0.920758 0.000000 -0.390135 0.553230 0.553230 0.553230
3491.089111 0.000000 2788.278320 0.000000 0.899420 0.000000 -0.437086 0.560419 0.560419 0.560419
3575.061523 0.000000 2920.992188 0.000000 0.063489 0.000000 0.997983 0.306584 0.306584 0.306584
3579.202393 0.000000 2915.949463 0.000000 0.326387 0.000000 0.945236 0.330276 0.330276 0.330276
3615.584961 0.000000 2620.973389 0.000000 0.578844 0.000000 0.815438 0.373123 0.373123 0.373123
3592.654785 0.000000 2964.812988 0.000000 0.486578 0.000000 0.873637 0.363110 0.363110 0.363110
3732.814697 0.000000 3007.410645 0.000000 0.642848 0.000000 -0.765994 0.611973 0.611973 0.611973
"}
object={
	name="rock_red_generator_1_2"
	clamp_to_water_level=no
	render_under_water=no
	generated_content=yes
	layer="rock_layer"
	pdxmesh="rock_jagged_2_red_mesh"
	count=94
	transform="86.510590 0.000000 825.356445 0.000000 0.995604 0.000000 0.093660 0.487800 0.487800 0.487800
114.718964 0.000000 837.083252 0.000000 0.457591 0.000000 -0.889163 0.641673 0.641673 0.641673
128.420822 0.000000 877.104614 0.000000 0.043638 0.000000 -0.999047 0.698255 0.698255 0.698255
213.244095 0.000000 863.933960 0.000000 0.150427 0.000000 -0.988621 0.683610 0.683610 0.683610
79.895424 0.000000 906.425842 0.000000 0.668014 0.000000 0.744148 0.391047 0.391047 0.391047
177.660294 0.000000 922.891296 0.000000 0.995524 0.000000 0.094506 0.487287 0.487287 0.487287
151.479340 0.000000 937.476624 0.000000 0.959458 0.000000 -0.281851 0.536451 0.536451 0.536451
171.790405 0.000000 942.931824 0.000000 0.542227 0.000000 -0.840232 0.634754 0.634754 0.634754
251.312134 0.000000 953.794006 0.000000 0.818867 0.000000 -0.573984 0.578146 0.578146 0.578146
315.304321 0.000000 889.809631 0.000000 0.984878 0.000000 -0.173247 0.522779 0.522779 0.522779
303.868103 0.000000 874.433655 0.000000 0.542856 0.000000 -0.839826 0.628182 0.628182 0.628182
256.193665 0.000000 920.881470 0.000000 0.230346 0.000000 0.973109 0.328926 0.328926 0.328926
277.392670 0.000000 943.287231 0.000000 0.153162 0.000000 -0.988201 0.682544 0.682544 0.682544
443.288696 0.000000 1017.778381 0.000000 0.954901 0.000000 0.296925 0.460938 0.460938 0.460938
433.629059 0.000000 1018.867859 0.000000 0.956927 0.000000 -0.290327 0.538020 0.538020 0.538020
1983.982788 0.000000 440.998657 0.000000 0.938252 0.000000 0.345953 0.454581 0.454581 0.454581
1951.770142 0.000000 513.669617 0.000000 0.137041 0.000000 -0.990565 0.686790 0.686790 0.686790
1957.177124 0.000000 654.466064 0.000000 0.278570 0.000000 0.960416 0.335301 0.335301 0.335301
1955.023804 0.000000 659.114685 0.000000 0.918621 0.000000 0.395140 0.445946 0.445946 0.445946
1970.234253 0.000000 680.377563 0.000000 0.769091 0.000000 0.639139 0.408081 0.408081 0.408081
2043.902588 0.000000 657.091980 0.000000 0.789404 0.000000 -0.613874 0.584816 0.584816 0.584816
1765.123291 0.000000 768.719788 0.000000 0.136618 0.000000 -0.990624 0.685414 0.685414 0.685414
508.089996 0.000000 1040.998169 0.000000 0.615204 0.000000 0.788368 0.381650 0.381650 0.381650
373.224579 0.000000 1215.848022 0.000000 0.016880 0.000000 0.999858 0.299046 0.299046 0.299046
356.343933 0.000000 1244.926514 0.000000 0.999612 0.000000 -0.027856 0.503652 0.503652 0.503652
384.389587 0.000000 1197.026489 0.000000 0.344275 0.000000 -0.938869 0.658598 0.658598 0.658598
330.786011 0.000000 1337.296021 0.000000 0.190164 0.000000 0.981752 0.318162 0.318162 0.318162
530.668213 0.000000 1029.036377 0.000000 0.988910 0.000000 0.148514 0.480760 0.480760 0.480760
556.195740 0.000000 1027.530762 0.000000 0.868352 0.000000 0.495949 0.433151 0.433151 0.433151
587.739685 0.000000 1038.908325 0.000000 0.706367 0.000000 0.707846 0.398100 0.398100 0.398100
687.821289 0.000000 1034.394653 0.000000 0.137358 0.000000 0.990521 0.314682 0.314682 0.314682
736.141724 0.000000 1031.849365 0.000000 0.818909 0.000000 -0.573923 0.578595 0.578595 0.578595
783.809570 0.000000 1066.386841 0.000000 0.443250 0.000000 -0.896398 0.645415 0.645415 0.645415
2127.645752 0.000000 234.589920 0.000000 0.996926 0.000000 -0.078352 0.510084 0.510084 0.510084
2203.073975 0.000000 185.981491 0.000000 0.708275 0.000000 0.705937 0.399623 0.399623 0.399623
2277.138184 0.000000 174.583252 0.000000 0.920156 0.000000 -0.391553 0.551827 0.551827 0.551827
2347.977051 0.000000 163.741714 0.000000 0.242994 0.000000 -0.970028 0.669741 0.669741 0.669741
2071.245117 0.000000 265.640686 0.000000 0.391497 0.000000 0.920179 0.349467 0.349467 0.349467
2299.062256 0.000000 409.926819 0.000000 0.877757 0.000000 -0.479106 0.564115 0.564115 0.564115
2287.626221 0.000000 426.543060 0.000000 0.345425 0.000000 -0.938446 0.657527 0.657527 0.657527
2187.544434 0.000000 463.048981 0.000000 0.754424 0.000000 -0.656387 0.592418 0.592418 0.592418
2319.622314 0.000000 330.566498 0.000000 0.996769 0.000000 0.080328 0.489681 0.489681 0.489681
2463.164062 0.000000 285.478546 0.000000 0.747175 0.000000 -0.664627 0.594197 0.594197 0.594197
2520.430420 0.000000 324.062195 0.000000 0.897613 0.000000 -0.440785 0.559032 0.559032 0.559032
2502.686279 0.000000 359.652008 0.000000 0.715177 0.000000 -0.698944 0.600277 0.600277 0.600277
2578.173096 0.000000 342.720642 0.000000 0.787260 0.000000 -0.616621 0.586922 0.586922 0.586922
2591.148438 0.000000 381.455109 0.000000 0.628703 0.000000 0.777646 0.384119 0.384119 0.384119
2299.062256 0.000000 633.872131 0.000000 0.615648 0.000000 0.788022 0.382856 0.382856 0.382856
2301.001221 0.000000 737.051331 0.000000 0.999581 0.000000 0.028959 0.496247 0.496247 0.496247
2304.155518 0.000000 653.159302 0.000000 0.151108 0.000000 -0.988517 0.684584 0.684584 0.684584
3794.011719 0.000000 872.330688 0.000000 0.135695 0.000000 0.990751 0.310525 0.310525 0.310525
3894.421143 0.000000 989.828857 0.000000 0.666999 0.000000 0.745058 0.390240 0.390240 0.390240
3907.238037 0.000000 1002.268311 0.000000 0.812246 0.000000 -0.583315 0.581164 0.581164 0.581164
2239.951660 0.000000 1176.818970 0.000000 0.535259 0.000000 0.844688 0.370659 0.370659 0.370659
2200.469482 0.000000 1219.843506 0.000000 0.877523 0.000000 -0.479535 0.564552 0.564552 0.564552
2224.196533 0.000000 1234.599365 0.000000 0.996850 0.000000 -0.079309 0.510148 0.510148 0.510148
2211.681396 0.000000 1237.714233 0.000000 0.492063 0.000000 -0.870560 0.639772 0.639772 0.639772
2230.303467 0.000000 1268.967651 0.000000 0.614108 0.000000 0.789222 0.381469 0.381469 0.381469
2365.652832 0.000000 1324.285889 0.000000 0.334329 0.000000 0.942457 0.337263 0.337263 0.337263
2399.171875 0.000000 1373.212891 0.000000 0.240208 0.000000 0.970721 0.326575 0.326575 0.326575
2410.190186 0.000000 1405.187256 0.000000 0.505685 0.000000 -0.862718 0.634574 0.634574 0.634574
2415.610596 0.000000 1386.308716 0.000000 0.494722 0.000000 0.869051 0.361422 0.361422 0.361422
2418.437988 0.000000 1380.950439 0.000000 0.078255 0.000000 0.996933 0.307366 0.307366 0.307366
2507.505371 0.000000 1486.798950 0.000000 0.999604 0.000000 -0.028129 0.503687 0.503687 0.503687
2754.069336 0.000000 1519.487671 0.000000 0.495931 0.000000 -0.868362 0.638658 0.638658 0.638658
2761.187500 0.000000 1517.095093 0.000000 0.581930 0.000000 0.813239 0.372916 0.372916 0.372916
2762.801025 0.000000 1542.544312 0.000000 0.097596 0.000000 -0.995226 0.696748 0.696748 0.696748
3512.309326 0.000000 1315.820068 0.000000 0.492487 0.000000 -0.870320 0.637071 0.637071 0.637071
3804.817627 0.000000 1024.980957 0.000000 0.077522 0.000000 0.996991 0.307644 0.307644 0.307644
3812.873535 0.000000 1024.657349 0.000000 0.813147 0.000000 -0.582058 0.580342 0.580342 0.580342
3807.543701 0.000000 1025.544556 0.000000 0.122198 0.000000 0.992506 0.310174 0.310174 0.310174
3832.270264 0.000000 1059.882568 0.000000 0.939401 0.000000 -0.342820 0.545252 0.545252 0.545252
3666.285645 0.000000 1220.989502 0.000000 0.992296 0.000000 -0.123894 0.516094 0.516094 0.516094
3779.053955 0.000000 1156.676636 0.000000 0.913533 0.000000 0.406765 0.445094 0.445094 0.445094
3792.788818 0.000000 1166.485107 0.000000 0.822712 0.000000 -0.568459 0.579097 0.579097 0.579097
3636.826416 0.000000 1311.824585 0.000000 0.979100 0.000000 0.203381 0.472440 0.472440 0.472440
3652.970215 0.000000 1294.309814 0.000000 0.992674 0.000000 -0.120824 0.515724 0.515724 0.515724
3718.435791 0.000000 2516.087646 0.000000 0.901197 0.000000 -0.433410 0.560881 0.560881 0.560881
3722.030029 0.000000 2556.906006 0.000000 0.951532 0.000000 0.307550 0.459728 0.459728 0.459728
3712.187500 0.000000 2549.133301 0.000000 0.507758 0.000000 -0.861500 0.637115 0.637115 0.637115
3488.414307 0.000000 2788.743164 0.000000 0.066190 0.000000 0.997807 0.298668 0.298668 0.298668
3490.358398 0.000000 2785.085693 0.000000 0.551890 0.000000 -0.833917 0.631964 0.631964 0.631964
3577.188477 0.000000 2886.385010 0.000000 0.812071 0.000000 0.583558 0.416308 0.416308 0.416308
3615.112549 0.000000 2623.302002 0.000000 0.444239 0.000000 -0.895908 0.651925 0.651925 0.651925
3671.049805 0.000000 2601.070312 0.000000 0.596425 0.000000 -0.802669 0.622822 0.622822 0.622822
3663.458252 0.000000 2602.011719 0.000000 0.988387 0.000000 0.151958 0.479777 0.479777 0.479777
3594.045654 0.000000 2940.812256 0.000000 0.459238 0.000000 -0.888313 0.646621 0.646621 0.646621
3716.962402 0.000000 2861.927002 0.000000 0.999586 0.000000 -0.028771 0.503692 0.503692 0.503692
3720.160645 0.000000 2863.657227 0.000000 0.966168 0.000000 0.257914 0.464572 0.464572 0.464572
3721.186035 0.000000 2866.190918 0.000000 0.071048 0.000000 0.997473 0.298196 0.298196 0.298196
3691.812988 0.000000 2979.054199 0.000000 0.442474 0.000000 0.896782 0.357804 0.357804 0.357804
3696.016846 0.000000 2994.169678 0.000000 0.840906 0.000000 0.541181 0.426763 0.426763 0.426763
3698.036377 0.000000 2998.072266 0.000000 0.084252 0.000000 -0.996445 0.695198 0.695198 0.695198
3682.334961 0.000000 2977.038818 0.000000 0.140111 0.000000 -0.990136 0.696384 0.696384 0.696384
"}
object={
	name="rock_red_generator_1_3"
	clamp_to_water_level=no
	render_under_water=no
	generated_content=yes
	layer="rock_layer"
	pdxmesh="rock_S_red_mesh"
	count=235
	transform="87.487144 0.000000 809.507874 0.000000 0.616671 0.000000 -0.787221 0.616524 0.616524 0.616524
109.752106 0.000000 823.577698 0.000000 0.971321 0.000000 0.237771 0.468714 0.468714 0.468714
70.982941 0.000000 839.534851 0.000000 0.242607 0.000000 0.970125 0.325574 0.325574 0.325574
82.722862 0.000000 837.083252 0.000000 0.837874 0.000000 0.545863 0.425472 0.425472 0.425472
78.696495 0.000000 838.627808 0.000000 0.041561 0.000000 0.999136 0.299948 0.299948 0.299948
111.891518 0.000000 842.441467 0.000000 0.544006 0.000000 0.839081 0.372492 0.372492 0.372492
88.727158 0.000000 867.929382 0.000000 0.972971 0.000000 -0.230926 0.530601 0.530601 0.530601
89.699539 0.000000 864.355042 0.000000 0.577621 0.000000 -0.816305 0.625169 0.625169 0.625169
118.881752 0.000000 893.852295 0.000000 0.813885 0.000000 0.581026 0.419822 0.419822 0.419822
104.058372 0.000000 867.487244 0.000000 0.677308 0.000000 0.735699 0.391233 0.391233 0.391233
155.323837 0.000000 857.817444 0.000000 0.499838 0.000000 -0.866119 0.636233 0.636233 0.636233
163.694962 0.000000 842.307373 0.000000 0.999151 0.000000 -0.041194 0.505370 0.505370 0.505370
156.132935 0.000000 881.037292 0.000000 0.438560 0.000000 -0.898702 0.650281 0.650281 0.650281
175.103226 0.000000 895.733215 0.000000 0.842777 0.000000 -0.538263 0.574922 0.574922 0.574922
251.312134 0.000000 889.809631 0.000000 0.843976 0.000000 -0.536381 0.573497 0.573497 0.573497
224.204178 0.000000 871.888367 0.000000 0.919591 0.000000 0.392877 0.445769 0.445769 0.445769
55.491051 0.000000 905.484436 0.000000 0.780237 0.000000 0.625484 0.413623 0.413623 0.413623
44.258156 0.000000 899.562012 0.000000 0.680354 0.000000 0.732884 0.393627 0.393627 0.393627
64.370140 0.000000 914.248413 0.000000 0.939996 0.000000 0.341187 0.455147 0.455147 0.455147
181.404373 0.000000 911.295044 0.000000 0.240823 0.000000 0.970569 0.327321 0.327321 0.327321
160.416931 0.000000 909.096802 0.000000 0.617352 0.000000 -0.786687 0.620707 0.620707 0.620707
190.859436 0.000000 905.662292 0.000000 0.133508 0.000000 0.991048 0.305929 0.305929 0.305929
137.076416 0.000000 949.305115 0.000000 0.303682 0.000000 -0.952773 0.662604 0.662604 0.662604
192.208084 0.000000 903.880554 0.000000 0.969328 0.000000 -0.245769 0.532174 0.532174 0.532174
230.963425 0.000000 903.519226 0.000000 0.235582 0.000000 -0.971854 0.673714 0.673714 0.673714
251.148102 0.000000 906.502075 0.000000 0.714080 0.000000 0.700065 0.397777 0.397777 0.397777
234.455643 0.000000 957.296570 0.000000 0.737992 0.000000 0.674810 0.405505 0.405505 0.405505
146.715057 0.000000 965.052002 0.000000 0.248734 0.000000 -0.968572 0.677217 0.677217 0.677217
157.922028 0.000000 972.371765 0.000000 0.242469 0.000000 0.970159 0.326218 0.326218 0.326218
210.707245 0.000000 997.044189 0.000000 0.334165 0.000000 -0.942515 0.658461 0.658461 0.658461
220.784134 0.000000 999.344727 0.000000 0.936246 0.000000 -0.351345 0.546607 0.546607 0.546607
283.308228 0.000000 985.786194 0.000000 0.752279 0.000000 0.658845 0.408059 0.408059 0.408059
265.060791 0.000000 981.297302 0.000000 0.288681 0.000000 0.957425 0.336011 0.336011 0.336011
329.726929 0.000000 959.916626 0.000000 0.495849 0.000000 0.868409 0.362906 0.362906 0.362906
444.097809 0.000000 1009.006042 0.000000 0.666416 0.000000 -0.745580 0.608181 0.608181 0.608181
485.356750 0.000000 1006.380127 0.000000 0.023305 0.000000 -0.999728 0.701282 0.701282 0.701282
496.407349 0.000000 1010.653992 0.000000 0.191557 0.000000 0.981481 0.323853 0.323853 0.323853
502.514282 0.000000 1013.030212 0.000000 0.457169 0.000000 0.889380 0.358813 0.358813 0.358813
512.162415 0.000000 1016.858032 0.000000 0.936260 0.000000 -0.351309 0.546243 0.546243 0.546243
790.479187 0.000000 949.045837 0.000000 0.968294 0.000000 -0.249812 0.532841 0.532841 0.532841
2047.214722 0.000000 285.478546 0.000000 0.890811 0.000000 -0.454375 0.561350 0.561350 0.561350
2015.985474 0.000000 360.013397 0.000000 0.704489 0.000000 -0.709715 0.602638 0.602638 0.602638
2016.131958 0.000000 370.381256 0.000000 0.953761 0.000000 0.300565 0.460215 0.460215 0.460215
1964.023926 0.000000 483.663605 0.000000 0.890813 0.000000 -0.454371 0.560879 0.560879 0.560879
1963.571777 0.000000 495.041168 0.000000 0.936336 0.000000 0.351104 0.453427 0.453427 0.453427
1770.268311 0.000000 765.343445 0.000000 0.278356 0.000000 -0.960478 0.667945 0.667945 0.667945
2026.237061 0.000000 605.382507 0.000000 0.339194 0.000000 -0.940717 0.656856 0.656856 0.656856
2039.249023 0.000000 617.554749 0.000000 0.665474 0.000000 0.746421 0.391867 0.391867 0.391867
1975.256836 0.000000 649.546936 0.000000 0.446640 0.000000 0.894714 0.356186 0.356186 0.356186
1951.986694 0.000000 664.943970 0.000000 0.944300 0.000000 0.329086 0.451276 0.451276 0.451276
1952.402222 0.000000 661.594116 0.000000 0.999689 0.000000 -0.024924 0.503379 0.503379 0.503379
1950.470459 0.000000 676.487610 0.000000 0.025347 0.000000 0.999679 0.295897 0.295897 0.295897
1946.941162 0.000000 682.556763 0.000000 0.441863 0.000000 0.897083 0.353271 0.353271 0.353271
1971.573486 0.000000 683.398376 0.000000 0.839852 0.000000 -0.542815 0.575348 0.575348 0.575348
2000.073486 0.000000 641.301270 0.000000 0.940000 0.000000 0.341176 0.454888 0.454888 0.454888
1778.515991 0.000000 805.091064 0.000000 0.997434 0.000000 -0.071596 0.509285 0.509285 0.509285
1807.684570 0.000000 810.449280 0.000000 0.547535 0.000000 -0.836783 0.628207 0.628207 0.628207
476.093903 0.000000 1040.998169 0.000000 0.773475 0.000000 -0.633827 0.589292 0.589292 0.589292
476.752899 0.000000 1031.336914 0.000000 0.871410 0.000000 0.490555 0.433694 0.433694 0.433694
342.533813 0.000000 1204.983276 0.000000 0.803827 0.000000 -0.594863 0.582072 0.582072 0.582072
309.232391 0.000000 1215.848022 0.000000 0.921982 0.000000 -0.387234 0.550925 0.550925 0.550925
384.178070 0.000000 1208.811157 0.000000 0.020228 0.000000 -0.999795 0.698586 0.698586 0.698586
307.776550 0.000000 1323.242065 0.000000 0.186191 0.000000 -0.982514 0.680645 0.680645 0.680645
298.789917 0.000000 1337.296021 0.000000 0.777288 0.000000 0.629146 0.410814 0.410814 0.410814
312.699829 0.000000 1347.812256 0.000000 0.588574 0.000000 0.808443 0.378244 0.378244 0.378244
535.432495 0.000000 1033.453125 0.000000 0.702737 0.000000 0.711450 0.398227 0.398227 0.398227
541.215942 0.000000 1056.973145 0.000000 0.709315 0.000000 0.704892 0.399422 0.399422 0.399422
701.196472 0.000000 1024.980957 0.000000 0.769385 0.000000 -0.638786 0.589090 0.589090 0.589090
805.317749 0.000000 1038.372314 0.000000 0.874638 0.000000 -0.484776 0.564945 0.564945 0.564945
800.127319 0.000000 1048.850220 0.000000 0.249268 0.000000 -0.968435 0.668912 0.668912 0.668912
800.338867 0.000000 1037.065552 0.000000 0.306100 0.000000 0.951999 0.336465 0.336465 0.336465
2204.931885 0.000000 117.835632 0.000000 0.743324 0.000000 -0.668932 0.596226 0.596226 0.596226
2230.624268 0.000000 126.039825 0.000000 0.290634 0.000000 0.956834 0.335635 0.335635 0.335635
2133.010010 0.000000 224.090225 0.000000 0.140626 0.000000 -0.990063 0.686675 0.686675 0.686675
2199.229492 0.000000 137.671936 0.000000 0.126699 0.000000 -0.991941 0.689952 0.689952 0.689952
2192.200439 0.000000 178.857117 0.000000 0.330761 0.000000 -0.943714 0.660158 0.660158 0.660158
2228.998291 0.000000 160.105850 0.000000 0.713013 0.000000 -0.701151 0.600290 0.600290 0.600290
2226.461426 0.000000 165.247284 0.000000 0.339055 0.000000 -0.940767 0.659627 0.659627 0.659627
2265.190674 0.000000 183.148834 0.000000 0.754476 0.000000 0.656327 0.405984 0.405984 0.405984
2207.962158 0.000000 200.052460 0.000000 0.707149 0.000000 0.707064 0.398439 0.398439 0.398439
2296.457764 0.000000 196.093445 0.000000 0.489617 0.000000 -0.871938 0.637763 0.637763 0.637763
2327.213867 0.000000 169.664124 0.000000 0.844415 0.000000 0.535690 0.427880 0.427880 0.427880
2359.209961 0.000000 169.664124 0.000000 0.741618 0.000000 -0.670823 0.593807 0.593807 0.593807
2360.449951 0.000000 164.101257 0.000000 0.488624 0.000000 -0.872494 0.637647 0.637647 0.637647
2354.200439 0.000000 182.759720 0.000000 0.032297 0.000000 -0.999478 0.700496 0.700496 0.700496
2373.049316 0.000000 160.868256 0.000000 0.198079 0.000000 -0.980186 0.677008 0.677008 0.677008
2357.138916 0.000000 239.459137 0.000000 0.997046 0.000000 -0.076813 0.510001 0.510001 0.510001
2360.449951 0.000000 228.085632 0.000000 0.917687 0.000000 0.397305 0.446652 0.446652 0.446652
2350.837891 0.000000 255.889450 0.000000 0.336524 0.000000 -0.941675 0.659671 0.659671 0.659671
2151.808594 0.000000 259.635681 0.000000 0.912752 0.000000 -0.408514 0.555157 0.555157 0.555157
2289.402832 0.000000 379.024139 0.000000 0.810425 0.000000 -0.585842 0.580320 0.580320 0.580320
2294.295654 0.000000 373.186432 0.000000 0.810684 0.000000 0.585484 0.419581 0.419581 0.419581
2250.209717 0.000000 413.429382 0.000000 0.708289 0.000000 -0.705922 0.600569 0.600569 0.600569
2261.150635 0.000000 399.420074 0.000000 0.506405 0.000000 0.862296 0.365274 0.365274 0.365274
2263.221680 0.000000 425.601624 0.000000 0.815886 0.000000 -0.578213 0.579577 0.579577 0.579577
2248.818848 0.000000 437.430084 0.000000 0.305728 0.000000 0.952119 0.336729 0.336729 0.336729
2277.138184 0.000000 430.520752 0.000000 0.955949 0.000000 0.293531 0.461250 0.461250 0.461250
2193.414551 0.000000 475.000702 0.000000 0.021241 0.000000 0.999774 0.299223 0.299223 0.299223
2325.142822 0.000000 303.443512 0.000000 0.532235 0.000000 0.846596 0.368435 0.368435 0.368435
2344.807129 0.000000 341.453522 0.000000 0.999933 0.000000 0.011552 0.498500 0.498500 0.498500
2309.057129 0.000000 352.821381 0.000000 0.972981 0.000000 -0.230885 0.529956 0.529956 0.529956
2318.841797 0.000000 383.858215 0.000000 0.636640 0.000000 0.771161 0.385232 0.385232 0.385232
2410.605225 0.000000 330.445099 0.000000 0.996377 0.000000 -0.085046 0.511075 0.511075 0.511075
2442.186279 0.000000 317.452820 0.000000 0.023626 0.000000 -0.999721 0.698923 0.698923 0.698923
2463.924316 0.000000 313.029907 0.000000 0.176427 0.000000 -0.984314 0.678462 0.678462 0.678462
2489.199707 0.000000 301.666473 0.000000 0.247676 0.000000 -0.968843 0.672089 0.672089 0.672089
2523.034912 0.000000 313.950256 0.000000 0.740664 0.000000 0.671876 0.405460 0.405460 0.405460
2513.375488 0.000000 315.039764 0.000000 0.911867 0.000000 -0.410485 0.554701 0.554701 0.554701
2506.593506 0.000000 298.452911 0.000000 0.300611 0.000000 -0.953747 0.664915 0.664915 0.664915
2544.007080 0.000000 353.371582 0.000000 0.785497 0.000000 0.618865 0.413205 0.413205 0.413205
2527.699951 0.000000 385.700836 0.000000 0.889832 0.000000 -0.456288 0.561866 0.561866 0.561866
2565.103027 0.000000 334.544189 0.000000 0.780703 0.000000 -0.624902 0.586787 0.586787 0.586787
2627.630615 0.000000 405.917389 0.000000 0.848755 0.000000 0.528786 0.427807 0.427807 0.427807
2653.617676 0.000000 428.504578 0.000000 0.747815 0.000000 0.663907 0.405565 0.405565 0.405565
2630.789795 0.000000 441.533081 0.000000 0.820759 0.000000 0.571274 0.421213 0.421213 0.421213
2631.750000 0.000000 451.588806 0.000000 0.452502 0.000000 0.891763 0.355938 0.355938 0.355938
2674.406738 0.000000 485.169159 0.000000 0.393118 0.000000 0.919488 0.348820 0.348820 0.348820
2691.186768 0.000000 484.840729 0.000000 0.959378 0.000000 0.282125 0.462656 0.462656 0.462656
2094.869141 0.000000 543.819153 0.000000 0.201260 0.000000 0.979538 0.322044 0.322044 0.322044
2087.816406 0.000000 547.565369 0.000000 0.083896 0.000000 0.996475 0.305498 0.305498 0.305498
2064.065674 0.000000 577.316895 0.000000 0.916175 0.000000 0.400779 0.446363 0.446363 0.446363
2063.653320 0.000000 618.496155 0.000000 0.252843 0.000000 0.967507 0.329920 0.329920 0.329920
2052.136963 0.000000 637.074951 0.000000 0.992633 0.000000 0.121164 0.484262 0.484262 0.484262
2303.943848 0.000000 632.951782 0.000000 0.999683 0.000000 0.025176 0.496782 0.496782 0.496782
2341.053223 0.000000 640.751038 0.000000 0.809099 0.000000 -0.587673 0.580766 0.580766 0.580766
2331.058350 0.000000 729.848694 0.000000 0.995598 0.000000 -0.093723 0.512279 0.512279 0.512279
2324.986572 0.000000 735.965210 0.000000 0.619129 0.000000 -0.785290 0.616347 0.616347 0.616347
2749.605957 0.000000 908.387390 0.000000 0.936107 0.000000 -0.351715 0.546568 0.546568 0.546568
2779.003662 0.000000 921.801819 0.000000 0.991262 0.000000 -0.131909 0.517009 0.517009 0.517009
2789.075684 0.000000 910.403564 0.000000 0.751522 0.000000 -0.659708 0.591908 0.591908 0.591908
2799.563721 0.000000 906.425842 0.000000 0.545978 0.000000 -0.837800 0.629439 0.629439 0.629439
3819.797363 0.000000 867.569824 0.000000 0.446047 0.000000 -0.895010 0.641686 0.641686 0.641686
3807.913330 0.000000 946.240601 0.000000 0.387927 0.000000 -0.921690 0.652789 0.652789 0.652789
3824.784912 0.000000 1006.524170 0.000000 0.230375 0.000000 -0.973102 0.676082 0.676082 0.676082
3892.795166 0.000000 863.933960 0.000000 0.915699 0.000000 -0.401865 0.552965 0.552965 0.552965
3880.619629 0.000000 885.320740 0.000000 0.704694 0.000000 -0.709511 0.601418 0.601418 0.601418
3867.679932 0.000000 945.021667 0.000000 0.235540 0.000000 -0.971865 0.674718 0.674718 0.674718
3878.518311 0.000000 999.495789 0.000000 0.982613 0.000000 0.185667 0.475430 0.475430 0.475430
2239.951660 0.000000 1144.826782 0.000000 0.899975 0.000000 0.435941 0.441778 0.441778 0.441778
2171.077881 0.000000 1209.731445 0.000000 0.955208 0.000000 -0.295937 0.538403 0.538403 0.538403
2103.241211 0.000000 1225.406250 0.000000 0.813455 0.000000 0.581628 0.420347 0.420347 0.420347
2095.649658 0.000000 1226.347778 0.000000 0.924433 0.000000 0.381346 0.449794 0.449794 0.449794
2159.641846 0.000000 1226.347778 0.000000 0.388611 0.000000 0.921402 0.349355 0.349355 0.349355
2222.853516 0.000000 1183.662842 0.000000 0.628373 0.000000 0.777913 0.383841 0.383841 0.383841
2193.414551 0.000000 1210.821045 0.000000 0.892361 0.000000 -0.451321 0.560437 0.560437 0.560437
2224.196533 0.000000 1202.607178 0.000000 0.666047 0.000000 -0.745910 0.608875 0.608875 0.608875
2207.955566 0.000000 1208.811157 0.000000 0.996697 0.000000 0.081212 0.489567 0.489567 0.489567
2184.826660 0.000000 1237.234741 0.000000 0.489357 0.000000 -0.872083 0.638596 0.638596 0.638596
2182.725342 0.000000 1223.441040 0.000000 0.576907 0.000000 0.816810 0.376387 0.376387 0.376387
2197.106445 0.000000 1219.118774 0.000000 0.234885 0.000000 0.972023 0.321864 0.321864 0.321864
2172.546143 0.000000 1319.266602 0.000000 0.737415 0.000000 -0.675440 0.597566 0.597566 0.597566
2218.867432 0.000000 1286.606812 0.000000 0.247429 0.000000 0.968906 0.326558 0.326558 0.326558
2390.229492 0.000000 1337.231445 0.000000 0.889606 0.000000 -0.456729 0.562049 0.562049 0.562049
2379.520996 0.000000 1358.830200 0.000000 0.869204 0.000000 0.494453 0.433373 0.433373 0.433373
2378.609131 0.000000 1354.195068 0.000000 0.576830 0.000000 0.816864 0.375659 0.375659 0.375659
2411.969238 0.000000 1347.452637 0.000000 0.489344 0.000000 -0.872091 0.639126 0.639126 0.639126
2408.799316 0.000000 1365.203491 0.000000 0.389258 0.000000 -0.921129 0.652308 0.652308 0.652308
2421.131104 0.000000 1359.185669 0.000000 0.872767 0.000000 -0.488137 0.565821 0.565821 0.565821
2467.413818 0.000000 1482.151123 0.000000 0.999724 0.000000 -0.023500 0.503098 0.503098 0.503098
2480.948975 0.000000 1486.406982 0.000000 0.700645 0.000000 -0.713510 0.604530 0.604530 0.604530
2478.403809 0.000000 1478.471558 0.000000 0.238515 0.000000 0.971139 0.326348 0.326348 0.326348
2750.762207 0.000000 1511.105103 0.000000 0.996752 0.000000 0.080536 0.488970 0.488970 0.488970
2783.125000 0.000000 1533.173828 0.000000 0.335862 0.000000 -0.941911 0.664668 0.664668 0.664668
2778.839844 0.000000 1514.353638 0.000000 0.971834 0.000000 -0.235665 0.531775 0.531775 0.531775
2771.156982 0.000000 1517.571777 0.000000 0.999479 0.000000 0.032280 0.495639 0.495639 0.495639
2783.686523 0.000000 1533.239136 0.000000 0.432169 0.000000 -0.901792 0.650675 0.650675 0.650675
2991.540283 0.000000 1290.332153 0.000000 0.999726 0.000000 -0.023395 0.503043 0.503043 0.503043
2980.975098 0.000000 1312.587036 0.000000 0.381125 0.000000 -0.924524 0.652571 0.652571 0.652571
2826.139404 0.000000 1533.156006 0.000000 0.988895 0.000000 -0.148613 0.519476 0.519476 0.519476
2779.812744 0.000000 1552.873169 0.000000 0.401525 0.000000 -0.915848 0.649993 0.649993 0.649993
2789.735352 0.000000 1554.246582 0.000000 0.619335 0.000000 -0.785127 0.618117 0.618117 0.618117
2786.065430 0.000000 1551.479858 0.000000 0.981004 0.000000 -0.193990 0.526173 0.526173 0.526173
3775.917236 0.000000 1042.217163 0.000000 0.703178 0.000000 0.711014 0.395938 0.395938 0.395938
3781.614258 0.000000 1042.371582 0.000000 0.346865 0.000000 0.937915 0.341457 0.341457 0.341457
3830.108154 0.000000 1077.014526 0.000000 0.139398 0.000000 0.990236 0.312091 0.312091 0.312091
3829.583252 0.000000 1062.247437 0.000000 0.065548 0.000000 -0.997849 0.697661 0.697661 0.697661
3726.251465 0.000000 1126.557495 0.000000 0.581262 0.000000 -0.813716 0.625058 0.625058 0.625058
3747.930176 0.000000 1148.949951 0.000000 0.243802 0.000000 0.969825 0.328382 0.328382 0.328382
3775.770752 0.000000 1095.833740 0.000000 0.939529 0.000000 0.342471 0.455233 0.455233 0.455233
3775.547607 0.000000 1121.521118 0.000000 0.433377 0.000000 -0.901213 0.646292 0.646292 0.646292
3693.316650 0.000000 1179.232178 0.000000 0.938888 0.000000 0.344224 0.453765 0.453765 0.453765
3755.805176 0.000000 1187.491699 0.000000 0.492623 0.000000 0.870243 0.364531 0.364531 0.364531
3791.854736 0.000000 1153.176270 0.000000 0.733169 0.000000 -0.680046 0.597830 0.597830 0.597830
3723.356934 0.000000 1230.861450 0.000000 0.346481 0.000000 -0.938057 0.656470 0.656470 0.656470
3748.958496 0.000000 1230.325439 0.000000 0.576335 0.000000 -0.817214 0.625136 0.625136 0.625136
3851.793457 0.000000 1091.515137 0.000000 0.780136 0.000000 -0.625609 0.587747 0.587747 0.587747
3626.695557 0.000000 1318.598999 0.000000 0.745359 0.000000 0.666663 0.403810 0.403810 0.403810
3663.458252 0.000000 1290.332153 0.000000 0.407252 0.000000 0.913316 0.349381 0.349381 0.349381
3590.553467 0.000000 1383.401978 0.000000 0.478724 0.000000 -0.877965 0.638580 0.638580 0.638580
3587.513428 0.000000 1397.675171 0.000000 0.576877 0.000000 -0.816831 0.625527 0.625527 0.625527
3367.660156 0.000000 1699.284058 0.000000 0.664364 0.000000 -0.747409 0.610642 0.610642 0.610642
3374.294434 0.000000 1702.416870 0.000000 0.999276 0.000000 -0.038057 0.505008 0.505008 0.505008
3397.001465 0.000000 1710.208252 0.000000 0.333822 0.000000 -0.942636 0.656972 0.656972 0.656972
3684.966309 0.000000 2510.012939 0.000000 0.749395 0.000000 -0.662123 0.592499 0.592499 0.592499
3720.604492 0.000000 2519.337158 0.000000 0.812164 0.000000 -0.583429 0.584137 0.584137 0.584137
3716.962402 0.000000 2542.005127 0.000000 0.999116 0.000000 -0.042045 0.505418 0.505418 0.505418
3729.227051 0.000000 2554.492920 0.000000 0.489310 0.000000 0.872110 0.360868 0.360868 0.360868
3730.032471 0.000000 2550.181641 0.000000 0.742680 0.000000 -0.669647 0.595254 0.595254 0.595254
3717.622070 0.000000 2546.004395 0.000000 0.147957 0.000000 0.988994 0.306835 0.306835 0.306835
3714.809082 0.000000 2546.653809 0.000000 0.618528 0.000000 -0.785762 0.625247 0.625247 0.625247
3713.656738 0.000000 2557.085693 0.000000 0.991432 0.000000 -0.130624 0.518118 0.518118 0.518118
3570.052002 0.000000 2742.134766 0.000000 0.999753 0.000000 0.022247 0.497112 0.497112 0.497112
3566.982666 0.000000 2740.877197 0.000000 0.347614 0.000000 0.937638 0.337615 0.337615 0.337615
3502.278809 0.000000 2790.151367 0.000000 0.301804 0.000000 0.953370 0.334301 0.334301 0.334301
3575.061523 0.000000 2889.000000 0.000000 0.776950 0.000000 0.629563 0.406833 0.406833 0.406833
3574.460205 0.000000 2909.360107 0.000000 0.199217 0.000000 0.979955 0.319036 0.319036 0.319036
3578.344238 0.000000 2909.358887 0.000000 0.960668 0.000000 0.277699 0.462415 0.462415 0.462415
3572.834229 0.000000 2911.434082 0.000000 0.389103 0.000000 0.921194 0.345623 0.345623 0.345623
3580.374268 0.000000 2918.875977 0.000000 0.626124 0.000000 -0.779723 0.617205 0.617205 0.617205
3577.273926 0.000000 2911.854980 0.000000 0.988979 0.000000 -0.148059 0.520182 0.520182 0.520182
3573.614502 0.000000 2917.794189 0.000000 0.590914 0.000000 -0.806734 0.622787 0.622787 0.622787
3578.909668 0.000000 2913.734131 0.000000 0.677816 0.000000 0.735232 0.385756 0.385756 0.385756
3610.902100 0.000000 2617.387695 0.000000 0.176738 0.000000 -0.984258 0.681204 0.681204 0.681204
3606.081055 0.000000 2616.918945 0.000000 0.981394 0.000000 -0.192006 0.525998 0.525998 0.525998
3619.945801 0.000000 2620.590576 0.000000 0.438250 0.000000 0.898853 0.354414 0.354414 0.354414
3662.259277 0.000000 2598.198242 0.000000 0.134933 0.000000 -0.990855 0.688143 0.688143 0.688143
3614.267334 0.000000 2628.010986 0.000000 0.777658 0.000000 0.628688 0.410382 0.410382 0.410382
3614.526855 0.000000 2625.819824 0.000000 0.127840 0.000000 0.991795 0.299755 0.299755 0.299755
3615.790283 0.000000 2631.458740 0.000000 0.578698 0.000000 -0.815542 0.622615 0.622615 0.622615
3583.588867 0.000000 2908.903076 0.000000 0.582482 0.000000 0.812844 0.376087 0.376087 0.376087
3728.012939 0.000000 2866.200928 0.000000 0.969034 0.000000 -0.246926 0.531893 0.531893 0.531893
3720.639160 0.000000 2868.836426 0.000000 0.629881 0.000000 0.776691 0.383206 0.383206 0.383206
3723.356934 0.000000 2862.463135 0.000000 0.842376 0.000000 0.538890 0.422280 0.422280 0.422280
3723.926025 0.000000 2866.459961 0.000000 0.939429 0.000000 -0.342745 0.547250 0.547250 0.547250
3593.328613 0.000000 2943.432129 0.000000 0.997096 0.000000 -0.076155 0.510486 0.510486 0.510486
3683.937988 0.000000 2972.504639 0.000000 0.738146 0.000000 0.674642 0.403131 0.403131 0.403131
3682.304199 0.000000 2974.939941 0.000000 0.897537 0.000000 0.440940 0.438666 0.438666 0.438666
3690.033936 0.000000 3004.796631 0.000000 0.996930 0.000000 0.078294 0.489786 0.489786 0.489786
3684.889160 0.000000 2976.180664 0.000000 0.409601 0.000000 0.912265 0.342548 0.342548 0.342548
3686.541748 0.000000 2983.011475 0.000000 0.989608 0.000000 -0.143791 0.518624 0.518624 0.518624
3679.559326 0.000000 2977.068115 0.000000 0.186079 0.000000 -0.982535 0.681005 0.681005 0.681005
3693.314941 0.000000 2999.046387 0.000000 0.812668 0.000000 -0.582728 0.583554 0.583554 0.583554
3683.065674 0.000000 2980.231445 0.000000 0.938183 0.000000 0.346140 0.452703 0.452703 0.452703
3729.227051 0.000000 3002.383545 0.000000 0.625492 0.000000 0.780230 0.384923 0.384923 0.384923
3734.440674 0.000000 3005.336670 0.000000 0.755152 0.000000 0.655550 0.405941 0.405941 0.405941
"}
object={
	name="rock_red_generator_1_4"
	clamp_to_water_level=no
	render_under_water=no
	generated_content=yes
	layer="rock_layer"
	pdxmesh="rock_M_red_mesh"
	count=118
	transform="156.791946 0.000000 839.383789 0.000000 0.891722 0.000000 -0.452583 0.560854 0.560854 0.560854
187.319946 0.000000 857.817444 0.000000 0.198059 0.000000 0.980190 0.324358 0.324358 0.324358
209.656387 0.000000 858.906921 0.000000 0.276112 0.000000 -0.961125 0.668572 0.668572 0.668572
198.967331 0.000000 903.519226 0.000000 0.474286 0.000000 -0.880371 0.641383 0.641383 0.641383
209.656387 0.000000 1018.867859 0.000000 0.017742 0.000000 -0.999843 0.702394 0.702394 0.702394
310.483276 0.000000 889.340820 0.000000 0.672586 0.000000 0.740019 0.391431 0.391431 0.391431
268.230835 0.000000 931.554199 0.000000 0.377391 0.000000 -0.926054 0.652206 0.652206 0.652206
288.342834 0.000000 946.240601 0.000000 0.944950 0.000000 0.327216 0.456890 0.456890 0.456890
311.459839 0.000000 969.468811 0.000000 0.793857 0.000000 0.608105 0.415303 0.415303 0.415303
437.216766 0.000000 991.902710 0.000000 0.992264 0.000000 0.124143 0.483904 0.483904 0.483904
460.207397 0.000000 995.538574 0.000000 0.632933 0.000000 0.774207 0.386818 0.386818 0.386818
807.012268 0.000000 985.400269 0.000000 0.808053 0.000000 -0.589109 0.582410 0.582410 0.582410
2029.517822 0.000000 343.694885 0.000000 0.946018 0.000000 0.324113 0.456902 0.456902 0.456902
2015.978882 0.000000 377.014282 0.000000 0.993405 0.000000 0.114659 0.485082 0.485082 0.485082
2033.433838 0.000000 602.969421 0.000000 0.524456 0.000000 -0.851437 0.631996 0.631996 0.631996
2006.276367 0.000000 633.403320 0.000000 0.312977 0.000000 0.949761 0.336778 0.336778 0.336778
1955.276489 0.000000 676.793884 0.000000 0.999982 0.000000 0.005988 0.499215 0.499215 0.499215
2031.657227 0.000000 650.488342 0.000000 0.731498 0.000000 -0.681844 0.596278 0.596278 0.596278
2027.563965 0.000000 655.002136 0.000000 0.975200 0.000000 0.221325 0.471028 0.471028 0.471028
2015.978882 0.000000 696.936157 0.000000 0.577839 0.000000 -0.816151 0.623227 0.623227 0.623227
1772.047363 0.000000 803.585449 0.000000 0.897822 0.000000 0.440359 0.441030 0.441030 0.441030
1796.168213 0.000000 861.020264 0.000000 0.440120 0.000000 -0.897939 0.644758 0.644758 0.644758
463.848572 0.000000 1034.394653 0.000000 0.915499 0.000000 -0.402321 0.553546 0.553546 0.553546
297.056915 0.000000 1205.242554 0.000000 0.251357 0.000000 0.967895 0.330050 0.330050 0.330050
381.154297 0.000000 1205.570068 0.000000 0.713089 0.000000 0.701073 0.398948 0.398948 0.398948
293.302917 0.000000 1216.610474 0.000000 0.262259 0.000000 0.964997 0.331506 0.331506 0.331506
357.372375 0.000000 1230.325439 0.000000 0.954149 0.000000 -0.299333 0.538782 0.538782 0.538782
368.422974 0.000000 1234.599365 0.000000 0.728765 0.000000 -0.684764 0.597168 0.597168 0.597168
352.188568 0.000000 1223.802490 0.000000 0.946812 0.000000 0.321787 0.457714 0.457714 0.457714
534.830994 0.000000 1053.813232 0.000000 0.999961 0.000000 0.008773 0.498861 0.498861 0.498861
550.924377 0.000000 1031.487915 0.000000 0.916680 0.000000 -0.399621 0.553678 0.553678 0.553678
697.418396 0.000000 1037.486816 0.000000 0.992046 0.000000 0.125873 0.483521 0.483521 0.483521
677.256104 0.000000 1056.649536 0.000000 0.980924 0.000000 -0.194394 0.525300 0.525300 0.525300
711.984192 0.000000 1027.448120 0.000000 0.339116 0.000000 -0.940744 0.660230 0.660230 0.660230
741.248291 0.000000 1024.657349 0.000000 0.832268 0.000000 -0.554373 0.577017 0.577017 0.577017
758.483093 0.000000 1045.022339 0.000000 0.946153 0.000000 0.323719 0.457368 0.457368 0.457368
2231.225586 0.000000 137.671936 0.000000 0.910979 0.000000 -0.412454 0.554556 0.554556 0.554556
2230.624268 0.000000 158.032013 0.000000 0.249892 0.000000 0.968274 0.326892 0.326892 0.326892
2235.070068 0.000000 185.981491 0.000000 0.825384 0.000000 0.564572 0.422718 0.422718 0.422718
2211.175781 0.000000 185.801468 0.000000 0.957882 0.000000 0.287161 0.461679 0.461679 0.461679
2276.109863 0.000000 157.192154 0.000000 0.304821 0.000000 0.952410 0.335031 0.335031 0.335031
2296.457764 0.000000 164.101257 0.000000 0.977624 0.000000 -0.210358 0.527673 0.527673 0.527673
2223.634033 0.000000 202.597733 0.000000 0.729199 0.000000 -0.684302 0.596710 0.596710 0.596710
2187.544434 0.000000 239.103683 0.000000 0.405814 0.000000 0.913956 0.349463 0.349463 0.349463
2396.908447 0.000000 213.812195 0.000000 0.794421 0.000000 0.607368 0.415098 0.415098 0.415098
2427.855713 0.000000 241.193512 0.000000 0.588279 0.000000 0.808658 0.378902 0.378902 0.378902
2400.143799 0.000000 237.260864 0.000000 0.037857 0.000000 0.999283 0.301760 0.301760 0.301760
2107.085693 0.000000 313.950256 0.000000 0.920994 0.000000 0.389576 0.447850 0.447850 0.447850
2124.121338 0.000000 275.092896 0.000000 0.875355 0.000000 0.483481 0.434111 0.434111 0.434111
2150.729248 0.000000 487.620758 0.000000 0.512815 0.000000 0.858499 0.366239 0.366239 0.366239
2283.984863 0.000000 387.687042 0.000000 0.660399 0.000000 -0.750915 0.609215 0.609215 0.609215
2296.457764 0.000000 420.038757 0.000000 0.954292 0.000000 -0.298875 0.539326 0.539326 0.539326
2237.668457 0.000000 460.496765 0.000000 0.801293 0.000000 -0.598272 0.583259 0.583259 0.583259
2181.072754 0.000000 480.790131 0.000000 0.378610 0.000000 -0.925556 0.654989 0.654989 0.654989
2333.656738 0.000000 300.535828 0.000000 0.298629 0.000000 0.954369 0.334181 0.334181 0.334181
2376.803223 0.000000 309.461334 0.000000 0.972308 0.000000 0.233703 0.469672 0.469672 0.469672
2591.908691 0.000000 377.014282 0.000000 0.998840 0.000000 -0.048149 0.506157 0.506157 0.506157
2597.099121 0.000000 398.528564 0.000000 0.328889 0.000000 -0.944369 0.659490 0.659490 0.659490
2598.793701 0.000000 409.540894 0.000000 0.875975 0.000000 0.482356 0.434656 0.434656 0.434656
2664.768066 0.000000 437.430084 0.000000 0.580449 0.000000 -0.814297 0.622576 0.622576 0.622576
2645.103760 0.000000 463.404449 0.000000 0.439240 0.000000 -0.898369 0.645721 0.645721 0.645721
2071.245117 0.000000 553.570374 0.000000 0.840381 0.000000 -0.541996 0.573219 0.573219 0.573219
2085.084473 0.000000 544.774475 0.000000 0.635359 0.000000 0.772217 0.386778 0.386778 0.386778
2128.057861 0.000000 545.324707 0.000000 0.224261 0.000000 -0.974529 0.675565 0.675565 0.675565
2336.151611 0.000000 685.151489 0.000000 0.210678 0.000000 0.977555 0.323635 0.323635 0.323635
2310.709717 0.000000 743.558289 0.000000 0.684839 0.000000 0.728694 0.394013 0.394013 0.394013
2743.163086 0.000000 905.484436 0.000000 0.997390 0.000000 0.072202 0.490600 0.490600 0.490600
2768.913818 0.000000 910.547607 0.000000 0.299014 0.000000 0.954249 0.334234 0.334234 0.334234
3814.526123 0.000000 967.503601 0.000000 0.958819 0.000000 0.284016 0.462830 0.462830 0.462830
3875.914551 0.000000 956.996826 0.000000 0.975054 0.000000 0.221966 0.470998 0.470998 0.470998
2163.550293 0.000000 1195.273315 0.000000 0.208273 0.000000 0.978071 0.321617 0.321617 0.321617
2235.070068 0.000000 1177.739258 0.000000 0.511103 0.000000 0.859520 0.367272 0.367272 0.367272
2228.998291 0.000000 1183.855835 0.000000 0.160014 0.000000 0.987115 0.318349 0.318349 0.318349
2208.108643 0.000000 1234.170288 0.000000 0.991749 0.000000 0.128198 0.483343 0.483343 0.483343
2213.805664 0.000000 1234.324707 0.000000 0.313069 0.000000 0.949730 0.336166 0.336166 0.336166
2235.070068 0.000000 1273.715820 0.000000 0.664590 0.000000 -0.747208 0.608917 0.608917 0.608917
2454.596924 0.000000 1117.797607 0.000000 0.882259 0.000000 0.470765 0.436368 0.436368 0.436368
2174.617432 0.000000 1321.560791 0.000000 0.578833 0.000000 -0.815446 0.626640 0.626640 0.626640
2175.966064 0.000000 1319.779053 0.000000 0.961511 0.000000 0.274767 0.462545 0.462545 0.462545
2236.538330 0.000000 1319.266602 0.000000 0.302917 0.000000 0.953017 0.336662 0.336662 0.336662
2258.457520 0.000000 1316.966064 0.000000 0.848687 0.000000 0.528896 0.426816 0.426816 0.426816
2371.225830 0.000000 1348.629761 0.000000 0.661717 0.000000 -0.749754 0.610894 0.610894 0.610894
2399.733398 0.000000 1373.278198 0.000000 0.530234 0.000000 -0.847851 0.632126 0.632126 0.632126
2728.725586 0.000000 1527.579346 0.000000 0.620484 0.000000 -0.784220 0.623326 0.623326 0.623326
2751.895752 0.000000 1511.732178 0.000000 0.998927 0.000000 -0.046309 0.506338 0.506338 0.506338
2762.562256 0.000000 1514.156006 0.000000 0.578712 0.000000 -0.815532 0.626184 0.626184 0.626184
2789.075684 0.000000 1518.255127 0.000000 0.775281 0.000000 -0.631616 0.587214 0.587214 0.587214
2797.424316 0.000000 1527.405884 0.000000 0.995065 0.000000 -0.099229 0.513002 0.513002 0.513002
2975.861816 0.000000 1304.787720 0.000000 0.985506 0.000000 0.169640 0.478126 0.478126 0.478126
2991.952393 0.000000 1281.145020 0.000000 0.287398 0.000000 -0.957811 0.668952 0.668952 0.668952
3518.279053 0.000000 1028.401733 0.000000 0.998016 0.000000 0.062958 0.491680 0.491680 0.491680
3514.750000 0.000000 1034.470825 0.000000 0.882305 0.000000 0.470679 0.435524 0.435524 0.435524
3537.250488 0.000000 1370.781982 0.000000 0.423032 0.000000 -0.906115 0.646085 0.646085 0.646085
3562.049561 0.000000 1405.187256 0.000000 0.881491 0.000000 0.472201 0.437138 0.437138 0.437138
3748.881348 0.000000 1184.618286 0.000000 0.729867 0.000000 -0.683589 0.598839 0.598839 0.598839
3887.430908 0.000000 1034.394653 0.000000 0.861695 0.000000 -0.507426 0.568558 0.568558 0.568558
3901.465332 0.000000 1036.356201 0.000000 0.759375 0.000000 0.650653 0.407853 0.407853 0.407853
3876.942871 0.000000 1070.364502 0.000000 0.159256 0.000000 0.987237 0.320012 0.320012 0.320012
3385.090332 0.000000 1709.322754 0.000000 0.900436 0.000000 0.434988 0.441016 0.441016 0.441016
3718.656982 0.000000 2521.025146 0.000000 0.004743 0.000000 -0.999989 0.708388 0.708388 0.708388
3728.012939 0.000000 2546.279053 0.000000 0.377691 0.000000 -0.925932 0.655119 0.655119 0.655119
3711.771973 0.000000 2552.483154 0.000000 0.880657 0.000000 0.473754 0.436790 0.436790 0.436790
3715.934082 0.000000 2556.606201 0.000000 0.832478 0.000000 -0.554057 0.579606 0.579606 0.579606
3726.963135 0.000000 2548.924072 0.000000 0.937051 0.000000 -0.349194 0.548891 0.548891 0.548891
3489.069580 0.000000 2786.762451 0.000000 0.645250 0.000000 0.763971 0.380182 0.380182 0.380182
3578.906006 0.000000 2905.317383 0.000000 0.566334 0.000000 -0.824176 0.624312 0.624312 0.624312
3580.928955 0.000000 2910.269531 0.000000 0.720502 0.000000 0.693453 0.396888 0.396888 0.396888
3580.844971 0.000000 2912.520020 0.000000 0.936333 0.000000 -0.351113 0.548724 0.548724 0.548724
3576.301514 0.000000 2915.429443 0.000000 0.936648 0.000000 -0.350272 0.548959 0.548959 0.548959
3572.938477 0.000000 2914.704834 0.000000 0.999012 0.000000 -0.044439 0.505871 0.505871 0.505871
3610.340332 0.000000 2621.429199 0.000000 0.853903 0.000000 0.520432 0.427439 0.427439 0.427439
3668.978760 0.000000 2606.881104 0.000000 0.832459 0.000000 -0.554086 0.576386 0.576386 0.576386
3665.192627 0.000000 2603.837402 0.000000 0.791836 0.000000 0.610734 0.410773 0.410773 0.410773
3609.270020 0.000000 2623.925293 0.000000 0.701804 0.000000 -0.712370 0.605108 0.605108 0.605108
3583.571045 0.000000 2913.083740 0.000000 0.817253 0.000000 0.576279 0.418275 0.418275 0.418275
3591.005859 0.000000 2941.367676 0.000000 0.999507 0.000000 -0.031405 0.504172 0.504172 0.504172
3687.621094 0.000000 2978.971680 0.000000 0.327733 0.000000 -0.944770 0.665515 0.665515 0.665515
3685.044189 0.000000 2978.782471 0.000000 0.077824 0.000000 -0.996967 0.704244 0.704244 0.704244
"}
object={
	name="rock_red_generator_1_5"
	clamp_to_water_level=no
	render_under_water=no
	generated_content=yes
	layer="rock_layer"
	pdxmesh="rock_L_red_mesh"
	count=194
	transform="96.366234 0.000000 818.271851 0.000000 0.471087 0.000000 -0.882087 0.639972 0.639972 0.639972
102.979042 0.000000 839.534851 0.000000 0.729611 0.000000 0.683862 0.402052 0.402052 0.402052
125.925934 0.000000 844.403015 0.000000 0.411089 0.000000 0.911595 0.351649 0.351649 0.351649
82.722862 0.000000 869.075439 0.000000 0.834141 0.000000 0.551551 0.423864 0.423864 0.423864
80.307739 0.000000 865.246582 0.000000 0.599018 0.000000 -0.800735 0.620309 0.620309 0.620309
119.483246 0.000000 873.492249 0.000000 0.998531 0.000000 -0.054190 0.506917 0.506917 0.506917
96.219795 0.000000 871.888367 0.000000 0.925319 0.000000 0.379189 0.449996 0.449996 0.449996
99.502998 0.000000 868.747009 0.000000 0.987962 0.000000 0.154694 0.479682 0.479682 0.479682
122.765823 0.000000 893.851013 0.000000 0.512144 0.000000 -0.858900 0.634894 0.634894 0.634894
151.479340 0.000000 841.500061 0.000000 0.563483 0.000000 -0.826128 0.624270 0.624270 0.624270
157.181610 0.000000 853.655945 0.000000 0.107321 0.000000 0.994224 0.308211 0.308211 0.308211
134.059372 0.000000 850.418518 0.000000 0.831183 0.000000 0.555998 0.422727 0.422727 0.422727
171.790405 0.000000 846.955261 0.000000 0.273767 0.000000 0.961796 0.333047 0.333047 0.333047
133.399704 0.000000 878.411377 0.000000 0.114130 0.000000 0.993466 0.309836 0.309836 0.309836
144.450302 0.000000 882.685242 0.000000 0.723734 0.000000 -0.690079 0.598110 0.598110 0.598110
137.076416 0.000000 885.320740 0.000000 0.836168 0.000000 -0.548473 0.576090 0.576090 0.576090
172.242538 0.000000 867.569824 0.000000 0.832959 0.000000 0.553335 0.423585 0.423585 0.423585
160.205383 0.000000 888.889282 0.000000 0.520411 0.000000 -0.853916 0.637977 0.637977 0.637977
192.201477 0.000000 856.897095 0.000000 0.907545 0.000000 -0.419954 0.555398 0.555398 0.555398
67.942902 0.000000 917.792419 0.000000 0.716117 0.000000 0.697980 0.398933 0.398933 0.398933
183.475433 0.000000 905.484436 0.000000 0.654546 0.000000 -0.756022 0.610214 0.610214 0.610214
184.715454 0.000000 899.921570 0.000000 0.047929 0.000000 0.998851 0.301923 0.301923 0.301923
189.177719 0.000000 917.640320 0.000000 0.601504 0.000000 0.798870 0.376859 0.376859 0.376859
143.887619 0.000000 938.418030 0.000000 0.230066 0.000000 -0.973175 0.671445 0.671445 0.671445
128.362335 0.000000 946.240601 0.000000 0.945945 0.000000 0.324327 0.457368 0.457368 0.457368
156.791946 0.000000 935.360352 0.000000 0.819774 0.000000 0.572688 0.421295 0.421295 0.421295
236.234726 0.000000 899.562012 0.000000 0.879589 0.000000 0.475734 0.434521 0.434521 0.434521
239.875900 0.000000 906.425842 0.000000 0.002835 0.000000 -0.999996 0.710208 0.710208 0.710208
224.197571 0.000000 1016.858032 0.000000 0.002989 0.000000 -0.999996 0.701185 0.701185 0.701185
259.683228 0.000000 906.291748 0.000000 0.979113 0.000000 -0.203316 0.526784 0.526784 0.526784
267.105530 0.000000 902.700623 0.000000 0.998054 0.000000 0.062353 0.491729 0.491729 0.491729
309.232391 0.000000 895.926147 0.000000 0.946805 0.000000 -0.321809 0.542698 0.542698 0.542698
315.304321 0.000000 953.794006 0.000000 0.373704 0.000000 -0.927548 0.652718 0.652718 0.652718
272.434692 0.000000 978.661804 0.000000 0.201822 0.000000 0.979422 0.325192 0.325192 0.325192
256.346710 0.000000 978.232788 0.000000 0.095427 0.000000 0.995436 0.309222 0.309222 0.309222
300.226929 0.000000 963.546387 0.000000 0.470983 0.000000 -0.882142 0.638369 0.638369 0.638369
431.852478 0.000000 1002.402405 0.000000 0.467431 0.000000 0.884030 0.360304 0.360304 0.360304
768.284241 0.000000 946.240601 0.000000 0.987016 0.000000 0.160620 0.479219 0.479219 0.479219
789.173828 0.000000 959.910522 0.000000 0.605180 0.000000 -0.796089 0.618160 0.618160 0.618160
797.184753 0.000000 960.996643 0.000000 0.828379 0.000000 0.560168 0.423107 0.423107 0.423107
2026.237061 0.000000 349.445007 0.000000 0.717759 0.000000 0.696291 0.401356 0.401356 0.401356
1995.567871 0.000000 399.064606 0.000000 0.851709 0.000000 -0.524015 0.571604 0.571604 0.571604
1975.256836 0.000000 457.593811 0.000000 0.467770 0.000000 -0.883850 0.641000 0.641000 0.641000
2043.902588 0.000000 593.107605 0.000000 0.361572 0.000000 0.932344 0.345905 0.345905 0.345905
2021.169312 0.000000 622.473877 0.000000 0.930616 0.000000 0.365997 0.452198 0.452198 0.452198
1950.046387 0.000000 664.872803 0.000000 0.727515 0.000000 0.686092 0.390139 0.390139 0.390139
1952.139771 0.000000 658.310913 0.000000 0.727660 0.000000 -0.685938 0.601338 0.601338 0.601338
1964.023926 0.000000 675.616699 0.000000 0.526765 0.000000 -0.850011 0.633674 0.633674 0.633674
1951.770142 0.000000 673.630554 0.000000 0.567692 0.000000 -0.823241 0.624825 0.624825 0.624825
1983.989380 0.000000 647.943054 0.000000 0.372223 0.000000 -0.928143 0.652626 0.652626 0.652626
1755.128662 0.000000 793.833069 0.000000 0.648461 0.000000 0.761248 0.388755 0.388755 0.388755
1741.552979 0.000000 791.585510 0.000000 0.331136 0.000000 -0.943583 0.661338 0.661338 0.661338
1783.280273 0.000000 777.515686 0.000000 0.962460 0.000000 0.271424 0.464865 0.464865 0.464865
1809.461182 0.000000 794.922546 0.000000 0.909998 0.000000 0.414612 0.444713 0.444713 0.444713
454.936096 0.000000 1031.487915 0.000000 0.162926 0.000000 0.986638 0.319081 0.319081 0.319081
503.436401 0.000000 1033.453125 0.000000 0.324773 0.000000 0.945792 0.341806 0.341806 0.341806
380.105621 0.000000 1200.959106 0.000000 0.910569 0.000000 0.413356 0.445104 0.445104 0.445104
345.424866 0.000000 1238.890991 0.000000 0.469059 0.000000 0.883167 0.354595 0.354595 0.354595
283.308228 0.000000 1337.700195 0.000000 0.884762 0.000000 -0.466043 0.562697 0.562697 0.562697
316.113434 0.000000 1328.927856 0.000000 0.011633 0.000000 0.999932 0.298367 0.298367 0.298367
291.915588 0.000000 1333.690796 0.000000 0.320991 0.000000 -0.947082 0.660878 0.660878 0.660878
568.668640 0.000000 1027.890381 0.000000 0.804059 0.000000 -0.594549 0.583134 0.583134 0.583134
549.271729 0.000000 1056.649536 0.000000 0.994194 0.000000 0.107605 0.485977 0.485977 0.485977
640.146851 0.000000 1048.850220 0.000000 0.462144 0.000000 -0.886805 0.640193 0.640193 0.640193
661.345825 0.000000 1039.263794 0.000000 0.525579 0.000000 0.850745 0.368937 0.368937 0.368937
668.729492 0.000000 1031.336914 0.000000 0.427148 0.000000 -0.904182 0.646063 0.646063 0.646063
735.374817 0.000000 1053.291016 0.000000 0.944563 0.000000 0.328331 0.456570 0.456570 0.456570
2203.073975 0.000000 121.997124 0.000000 0.275896 0.000000 -0.961188 0.666344 0.666344 0.666344
2221.496338 0.000000 123.490044 0.000000 0.994406 0.000000 0.105624 0.486130 0.486130 0.486130
2161.418457 0.000000 251.055389 0.000000 0.858990 0.000000 0.511992 0.430758 0.430758 0.430758
2228.998291 0.000000 128.113663 0.000000 0.998237 0.000000 0.059354 0.492246 0.492246 0.492246
2293.146729 0.000000 175.474762 0.000000 0.997647 0.000000 0.068554 0.491162 0.491162 0.491162
2203.073975 0.000000 217.973679 0.000000 0.642099 0.000000 -0.766622 0.612752 0.612752 0.612752
2232.465576 0.000000 196.093445 0.000000 0.685247 0.000000 -0.728311 0.606933 0.606933 0.606933
2308.105957 0.000000 189.184341 0.000000 0.998629 0.000000 -0.052353 0.506800 0.506800 0.506800
2363.863525 0.000000 177.209137 0.000000 0.253415 0.000000 0.967358 0.330324 0.330324 0.330324
2384.177002 0.000000 210.849304 0.000000 0.275981 0.000000 0.961163 0.333989 0.333989 0.333989
2367.936035 0.000000 217.053360 0.000000 0.995465 0.000000 -0.095125 0.512415 0.512415 0.512415
2059.560059 0.000000 271.095856 0.000000 0.467183 0.000000 0.884161 0.359455 0.359455 0.359455
2092.008301 0.000000 259.718292 0.000000 0.601003 0.000000 0.799247 0.381168 0.381168 0.381168
2085.084473 0.000000 256.844818 0.000000 0.478354 0.000000 0.878167 0.360830 0.360830 0.360830
2141.020752 0.000000 257.168518 0.000000 0.564831 0.000000 -0.825207 0.624788 0.624788 0.624788
2111.973877 0.000000 296.029022 0.000000 0.264869 0.000000 0.964284 0.332505 0.332505 0.332505
2085.821289 0.000000 338.543518 0.000000 0.994239 0.000000 0.107183 0.485898 0.485898 0.485898
2213.145996 0.000000 430.520752 0.000000 0.994994 0.000000 0.099933 0.487230 0.487230 0.487230
2224.196533 0.000000 434.794617 0.000000 0.549817 0.000000 0.835285 0.370912 0.370912 0.370912
2239.191406 0.000000 445.439484 0.000000 0.794965 0.000000 0.606655 0.414726 0.414726 0.414726
2239.752930 0.000000 445.504730 0.000000 0.757078 0.000000 0.653324 0.406861 0.406861 0.406861
2345.480957 0.000000 352.065063 0.000000 0.881464 0.000000 -0.472251 0.563974 0.563974 0.563974
2463.924316 0.000000 281.037720 0.000000 0.106683 0.000000 0.994293 0.311782 0.311782 0.311782
2458.480957 0.000000 317.991608 0.000000 0.482065 0.000000 -0.876136 0.639420 0.639420 0.639420
2469.037598 0.000000 288.837006 0.000000 0.733503 0.000000 0.679686 0.403354 0.403354 0.403354
2528.069580 0.000000 306.396881 0.000000 0.906884 0.000000 -0.421380 0.555925 0.555925 0.555925
2533.106934 0.000000 334.544189 0.000000 0.604521 0.000000 0.796589 0.380353 0.380353 0.380353
2310.709717 0.000000 391.644196 0.000000 0.204566 0.000000 0.978853 0.322143 0.322143 0.322143
2524.973877 0.000000 385.137268 0.000000 0.259112 0.000000 -0.965847 0.669895 0.669895 0.669895
2560.065674 0.000000 370.381256 0.000000 0.984742 0.000000 0.174019 0.477511 0.477511 0.477511
2595.634521 0.000000 373.925201 0.000000 0.365387 0.000000 0.930856 0.344936 0.344936 0.344936
2647.174805 0.000000 425.601624 0.000000 0.986903 0.000000 0.161314 0.478724 0.478724 0.478724
2676.943604 0.000000 448.035522 0.000000 0.800556 0.000000 -0.599257 0.583419 0.583419 0.583419
2096.212158 0.000000 530.771179 0.000000 0.903607 0.000000 -0.428362 0.557690 0.557690 0.557690
2109.024658 0.000000 513.106018 0.000000 0.721519 0.000000 -0.692395 0.599478 0.599478 0.599478
2059.560059 0.000000 623.009949 0.000000 0.884519 0.000000 -0.466504 0.563006 0.563006 0.563006
2292.990479 0.000000 735.965210 0.000000 0.908306 0.000000 0.418306 0.443757 0.443757 0.443757
2314.201904 0.000000 701.359070 0.000000 0.975376 0.000000 0.220547 0.471409 0.471409 0.471409
2310.709717 0.000000 711.566101 0.000000 0.514962 0.000000 0.857213 0.366049 0.366049 0.366049
2336.151611 0.000000 717.143677 0.000000 0.649521 0.000000 -0.760344 0.611929 0.611929 0.611929
2767.567627 0.000000 906.425842 0.000000 0.831379 0.000000 -0.555706 0.575609 0.575609 0.575609
2801.340332 0.000000 922.891296 0.000000 0.726669 0.000000 -0.686988 0.597561 0.597561 0.597561
3523.957520 0.000000 1020.981201 0.000000 0.611343 0.000000 -0.791366 0.618531 0.618531 0.618531
3814.645264 0.000000 953.408081 0.000000 0.884192 0.000000 -0.467123 0.563461 0.563461 0.563461
3836.732666 0.000000 981.624695 0.000000 0.986629 0.000000 -0.162979 0.521416 0.521416 0.521416
3887.430908 0.000000 906.425842 0.000000 0.986034 0.000000 -0.166543 0.521471 0.521471 0.521471
3863.026367 0.000000 937.476624 0.000000 0.559629 0.000000 -0.828743 0.624865 0.624865 0.624865
3844.869629 0.000000 960.672913 0.000000 0.828545 0.000000 -0.559922 0.578487 0.578487 0.578487
3892.795166 0.000000 991.902710 0.000000 0.693358 0.000000 -0.720593 0.603457 0.603457 0.603457
2161.418457 0.000000 1178.828857 0.000000 0.878951 0.000000 -0.476912 0.563918 0.563918 0.563918
2162.469238 0.000000 1188.997314 0.000000 0.455175 0.000000 0.890402 0.355508 0.355508 0.355508
2168.473389 0.000000 1187.851318 0.000000 0.274482 0.000000 -0.961592 0.670084 0.670084 0.670084
2175.742920 0.000000 1185.505493 0.000000 0.475090 0.000000 -0.879937 0.640995 0.640995 0.640995
2175.966064 0.000000 1223.802490 0.000000 0.566746 0.000000 0.823893 0.373093 0.373093 0.373093
2183.171875 0.000000 1227.244507 0.000000 0.994363 0.000000 -0.106025 0.513949 0.513949 0.513949
2194.207031 0.000000 1224.244751 0.000000 0.906794 0.000000 -0.421574 0.557364 0.557364 0.557364
2211.445068 0.000000 1226.213623 0.000000 0.904328 0.000000 -0.426838 0.557470 0.557470 0.557470
2179.249268 0.000000 1316.637573 0.000000 0.995555 0.000000 -0.094185 0.512575 0.512575 0.512575
2239.958252 0.000000 1319.779053 0.000000 0.999982 0.000000 -0.006048 0.500776 0.500776 0.500776
2364.522705 0.000000 1319.266602 0.000000 0.605043 0.000000 -0.796193 0.620022 0.620022 0.620022
2384.960693 0.000000 1326.446045 0.000000 0.925578 0.000000 0.378556 0.449502 0.449502 0.449502
2396.989502 0.000000 1344.902832 0.000000 0.859060 0.000000 0.511874 0.429836 0.429836 0.429836
2414.830078 0.000000 1375.615967 0.000000 0.959470 0.000000 0.281810 0.463056 0.463056 0.463056
2392.446045 0.000000 1379.804443 0.000000 0.603416 0.000000 0.797427 0.380634 0.380634 0.380634
2403.657959 0.000000 1397.675171 0.000000 0.998936 0.000000 -0.046126 0.505990 0.505990 0.505990
2428.904541 0.000000 1429.515381 0.000000 0.906873 0.000000 0.421405 0.443203 0.443203 0.443203
2832.122314 0.000000 1074.638428 0.000000 0.557944 0.000000 -0.829879 0.628058 0.628058 0.628058
2760.756348 0.000000 1525.164429 0.000000 0.515570 0.000000 0.856848 0.359205 0.359205 0.359205
2986.119873 0.000000 1309.210693 0.000000 0.154319 0.000000 -0.988021 0.680626 0.680626 0.680626
2787.611084 0.000000 1557.636108 0.000000 0.047378 0.000000 0.998877 0.301471 0.301471 0.301471
2786.922363 0.000000 1554.895996 0.000000 0.904903 0.000000 0.425617 0.439413 0.439413 0.439413
2789.153564 0.000000 1571.126221 0.000000 0.994852 0.000000 0.101342 0.486086 0.486086 0.486086
3516.382080 0.000000 1031.336914 0.000000 0.479085 0.000000 0.877769 0.358264 0.358264 0.358264
3523.284912 0.000000 1034.260498 0.000000 0.413711 0.000000 -0.910408 0.652835 0.652835 0.652835
3521.975586 0.000000 1039.604858 0.000000 0.117613 0.000000 0.993060 0.308481 0.308481 0.308481
3519.795410 0.000000 1336.779907 0.000000 0.211537 0.000000 0.977370 0.326122 0.326122 0.326122
3531.832520 0.000000 1347.452637 0.000000 0.904075 0.000000 -0.427374 0.556776 0.556776 0.556776
3536.820068 0.000000 1358.438232 0.000000 0.003199 0.000000 0.999995 0.294928 0.294928 0.294928
3531.949463 0.000000 1362.827271 0.000000 0.725215 0.000000 -0.688522 0.599919 0.599919 0.599919
3823.438721 0.000000 1098.379028 0.000000 0.832655 0.000000 -0.553792 0.576193 0.576193 0.576193
3683.937988 0.000000 1212.934326 0.000000 0.608567 0.000000 -0.793502 0.620130 0.620130 0.620130
3704.285889 0.000000 1187.851318 0.000000 0.104012 0.000000 0.994576 0.306677 0.306677 0.306677
3693.314941 0.000000 1207.484009 0.000000 0.053116 0.000000 0.998588 0.303735 0.303735 0.303735
3743.768066 0.000000 1208.811157 0.000000 0.102468 0.000000 -0.994736 0.688397 0.688397 0.688397
3737.010986 0.000000 1238.890991 0.000000 0.999999 0.000000 0.001550 0.499796 0.499796 0.499796
3890.258301 0.000000 1029.036377 0.000000 0.372369 0.000000 -0.928085 0.654090 0.654090 0.654090
3844.946777 0.000000 1102.356689 0.000000 0.855238 0.000000 0.518235 0.428188 0.428188 0.428188
3583.787598 0.000000 1400.764282 0.000000 0.379460 0.000000 -0.925208 0.651919 0.651919 0.651919
3409.266113 0.000000 1722.696045 0.000000 0.560293 0.000000 -0.828294 0.626468 0.626468 0.626468
3685.625977 0.000000 2514.012207 0.000000 0.856597 0.000000 0.515985 0.428263 0.428263 0.428263
3689.189941 0.000000 2514.276855 0.000000 0.112302 0.000000 0.993674 0.301951 0.301951 0.301951
3711.011719 0.000000 2556.923828 0.000000 0.790102 0.000000 -0.612976 0.588129 0.588129 0.588129
3718.107178 0.000000 2518.307861 0.000000 0.910859 0.000000 0.412718 0.441477 0.441477 0.441477
3726.669922 0.000000 2559.326904 0.000000 0.925741 0.000000 -0.378159 0.553056 0.553056 0.553056
3715.497803 0.000000 2549.394043 0.000000 0.910860 0.000000 0.412716 0.442646 0.442646 0.442646
3711.573242 0.000000 2556.989014 0.000000 0.965077 0.000000 -0.261965 0.535403 0.535403 0.535403
3714.300293 0.000000 2559.041504 0.000000 0.684130 0.000000 -0.729361 0.609174 0.609174 0.609174
3727.648193 0.000000 2556.747803 0.000000 0.267922 0.000000 -0.963441 0.678118 0.678118 0.678118
3487.805908 0.000000 2791.419678 0.000000 0.723516 0.000000 0.690307 0.402419 0.402419 0.402419
3503.477783 0.000000 2793.964844 0.000000 0.927340 0.000000 -0.374219 0.550751 0.550751 0.550751
3492.912598 0.000000 2784.227539 0.000000 0.828683 0.000000 -0.559718 0.577416 0.577416 0.577416
3487.582764 0.000000 2785.114990 0.000000 0.931011 0.000000 -0.364990 0.548970 0.548970 0.548970
3506.046875 0.000000 2791.861816 0.000000 0.999993 0.000000 0.003746 0.499506 0.499506 0.499506
3577.188477 0.000000 2918.377197 0.000000 0.904695 0.000000 0.426060 0.441983 0.441983 0.441983
3574.929443 0.000000 2912.907959 0.000000 0.944135 0.000000 0.329560 0.454557 0.454557 0.454557
3601.242676 0.000000 2618.477295 0.000000 0.886260 0.000000 0.463188 0.437360 0.437360 0.437360
3604.267578 0.000000 2619.176758 0.000000 0.642246 0.000000 0.766498 0.380513 0.380513 0.380513
3608.232422 0.000000 2618.893066 0.000000 0.999996 0.000000 -0.002703 0.500364 0.500364 0.500364
3612.925049 0.000000 2622.339844 0.000000 0.879674 0.000000 -0.475576 0.566692 0.566692 0.566692
3666.285645 0.000000 2596.653564 0.000000 0.947837 0.000000 -0.318755 0.542440 0.542440 0.542440
3664.804443 0.000000 2606.133545 0.000000 0.459252 0.000000 0.888306 0.357477 0.357477 0.357477
3666.027344 0.000000 2599.908691 0.000000 0.645777 0.000000 0.763526 0.383314 0.383314 0.383314
3669.823730 0.000000 2604.222168 0.000000 0.993063 0.000000 0.117584 0.484317 0.484317 0.484317
3604.830322 0.000000 2623.504395 0.000000 0.912828 0.000000 -0.408344 0.556078 0.556078 0.556078
3620.896973 0.000000 2624.266602 0.000000 0.885033 0.000000 0.465528 0.437379 0.437379 0.437379
3727.862549 0.000000 2560.832520 0.000000 0.852533 0.000000 -0.522673 0.572635 0.572635 0.572635
3583.794189 0.000000 2919.388428 0.000000 0.989171 0.000000 -0.146770 0.519086 0.519086 0.519086
3721.070312 0.000000 2860.766846 0.000000 0.357942 0.000000 0.933744 0.339992 0.339992 0.339992
3722.869141 0.000000 2864.588379 0.000000 0.855559 0.000000 -0.517705 0.575127 0.575127 0.575127
3597.326660 0.000000 2967.054199 0.000000 0.999987 0.000000 0.005040 0.499348 0.499348 0.499348
3594.387695 0.000000 2968.897461 0.000000 0.517188 0.000000 -0.855872 0.635408 0.635408 0.635408
3688.643066 0.000000 2964.812988 0.000000 0.975872 0.000000 -0.218345 0.529235 0.529235 0.529235
3697.230957 0.000000 3002.383545 0.000000 0.999983 0.000000 -0.005888 0.500795 0.500795 0.500795
3693.316650 0.000000 3002.786865 0.000000 0.998490 0.000000 0.054926 0.492564 0.492564 0.492564
3695.862305 0.000000 3000.018066 0.000000 0.518408 0.000000 -0.855133 0.642647 0.642647 0.642647
3738.886475 0.000000 3001.293945 0.000000 0.165068 0.000000 -0.986282 0.679939 0.679939 0.679939
3734.065430 0.000000 3000.825195 0.000000 0.994816 0.000000 -0.101693 0.513784 0.513784 0.513784
"}
