object={
	name="tree_cedar_generator_1_0"
	clamp_to_water_level=no
	render_under_water=no
	generated_content=yes
	layer="tree_layer"
	pdxmesh="tree_cedar_01_mesh"
	count=137
	transform="191.816849 0.000000 1640.171997 0.000000 0.962881 0.000000 0.269927 1.000000 1.000000 1.000000
199.339844 0.000000 1636.013916 0.000000 0.406513 0.000000 -0.913645 1.000000 1.000000 1.000000
201.534073 0.000000 1636.298584 0.000000 0.998527 0.000000 0.054256 1.000000 1.000000 1.000000
307.514313 0.000000 1690.135376 0.000000 0.467240 0.000000 0.884131 1.000000 1.000000 1.000000
303.566162 0.000000 1691.226562 0.000000 0.692345 0.000000 0.721566 1.000000 1.000000 1.000000
311.280640 0.000000 1689.085083 0.000000 0.821971 0.000000 -0.569530 1.000000 1.000000 1.000000
309.702606 0.000000 1691.405151 0.000000 0.955793 0.000000 -0.294042 1.000000 1.000000 1.000000
309.271271 0.000000 1688.853027 0.000000 0.413593 0.000000 -0.910462 1.000000 1.000000 1.000000
306.792603 0.000000 1691.887451 0.000000 0.405464 0.000000 -0.914111 1.000000 1.000000 1.000000
283.308228 0.000000 1721.606445 0.000000 0.539974 0.000000 -0.841682 1.000000 1.000000 1.000000
285.504181 0.000000 1717.619507 0.000000 0.990597 0.000000 -0.136811 1.000000 1.000000 1.000000
293.380188 0.000000 1710.208252 0.000000 0.657245 0.000000 0.753677 1.000000 1.000000 1.000000
295.710480 0.000000 1717.751709 0.000000 0.973504 0.000000 -0.228668 1.000000 1.000000 1.000000
305.962585 0.000000 1700.987671 0.000000 0.067043 0.000000 0.997750 1.000000 1.000000 1.000000
297.447937 0.000000 1705.969604 0.000000 0.752884 0.000000 -0.658153 1.000000 1.000000 1.000000
295.830627 0.000000 1713.546265 0.000000 0.720300 0.000000 0.693663 1.000000 1.000000 1.000000
297.211945 0.000000 1715.773560 0.000000 0.968002 0.000000 0.250943 1.000000 1.000000 1.000000
299.953705 0.000000 1703.260132 0.000000 0.813245 0.000000 0.581922 1.000000 1.000000 1.000000
298.347961 0.000000 1707.837036 0.000000 0.471712 0.000000 -0.881752 1.000000 1.000000 1.000000
336.065491 0.000000 1695.328857 0.000000 0.989275 0.000000 0.146067 1.000000 1.000000 1.000000
341.809082 0.000000 1699.895508 0.000000 0.743036 0.000000 0.669252 1.000000 1.000000 1.000000
338.736877 0.000000 1697.467407 0.000000 0.546980 0.000000 -0.837146 1.000000 1.000000 1.000000
321.010498 0.000000 1703.769409 0.000000 0.615707 0.000000 0.787975 1.000000 1.000000 1.000000
320.012207 0.000000 1698.450439 0.000000 0.893351 0.000000 0.449360 1.000000 1.000000 1.000000
394.436127 0.000000 1725.109131 0.000000 0.377608 0.000000 -0.925966 1.000000 1.000000 1.000000
400.057678 0.000000 1727.321045 0.000000 0.237146 0.000000 -0.971474 1.000000 1.000000 1.000000
399.007568 0.000000 1728.753906 0.000000 0.023710 0.000000 -0.999719 1.000000 1.000000 1.000000
402.729065 0.000000 1729.459595 0.000000 0.220180 0.000000 0.975459 1.000000 1.000000 1.000000
2918.547119 0.000000 2023.930420 0.000000 0.888531 0.000000 -0.458817 1.000000 1.000000 1.000000
3191.108398 0.000000 1929.234375 0.000000 0.880126 0.000000 -0.474740 1.000000 1.000000 1.000000
3195.323486 0.000000 1927.750000 0.000000 0.759888 0.000000 -0.650054 1.000000 1.000000 1.000000
3195.591064 0.000000 1924.805298 0.000000 0.291659 0.000000 0.956522 1.000000 1.000000 1.000000
3192.851562 0.000000 1927.692139 0.000000 0.999152 0.000000 0.041172 1.000000 1.000000 1.000000
3178.096436 0.000000 2045.031006 0.000000 0.703493 0.000000 -0.710703 1.000000 1.000000 1.000000
3181.110107 0.000000 2045.301514 0.000000 0.219868 0.000000 0.975530 1.000000 1.000000 1.000000
3203.819824 0.000000 1926.763062 0.000000 0.366032 0.000000 0.930602 1.000000 1.000000 1.000000
3217.607422 0.000000 1924.932983 0.000000 0.867701 0.000000 0.497086 1.000000 1.000000 1.000000
3255.260254 0.000000 1949.019531 0.000000 0.963396 0.000000 -0.268084 1.000000 1.000000 1.000000
3439.686768 0.000000 1855.289795 0.000000 0.999739 0.000000 0.022846 1.000000 1.000000 1.000000
3439.065186 0.000000 1866.999512 0.000000 0.894047 0.000000 0.447974 1.000000 1.000000 1.000000
3438.636719 0.000000 1856.722656 0.000000 0.137290 0.000000 -0.990531 1.000000 1.000000 1.000000
3437.871826 0.000000 1862.970703 0.000000 0.879987 0.000000 -0.474997 1.000000 1.000000 1.000000
3438.678711 0.000000 1859.793335 0.000000 0.472664 0.000000 0.881243 1.000000 1.000000 1.000000
3436.467529 0.000000 1857.726807 0.000000 0.950886 0.000000 0.309542 1.000000 1.000000 1.000000
3442.566895 0.000000 1880.033813 0.000000 0.013927 0.000000 -0.999903 1.000000 1.000000 1.000000
3447.077148 0.000000 1897.242188 0.000000 0.008150 0.000000 0.999967 1.000000 1.000000 1.000000
3436.796143 0.000000 1911.792480 0.000000 0.235792 0.000000 -0.971803 1.000000 1.000000 1.000000
3453.117676 0.000000 1909.572632 0.000000 0.137153 0.000000 -0.990550 1.000000 1.000000 1.000000
3453.240234 0.000000 1917.761108 0.000000 0.852566 0.000000 0.522620 1.000000 1.000000 1.000000
3449.356689 0.000000 1910.647461 0.000000 0.785295 0.000000 0.619122 1.000000 1.000000 1.000000
3450.175293 0.000000 1917.643066 0.000000 0.786884 0.000000 -0.617101 1.000000 1.000000 1.000000
3439.125732 0.000000 1912.608276 0.000000 0.765104 0.000000 0.643907 1.000000 1.000000 1.000000
3451.817383 0.000000 1915.813599 0.000000 0.484222 0.000000 0.874945 1.000000 1.000000 1.000000
3451.383545 0.000000 1910.655762 0.000000 0.568701 0.000000 -0.822544 1.000000 1.000000 1.000000
3438.597412 0.000000 1910.828247 0.000000 0.965799 0.000000 0.259291 1.000000 1.000000 1.000000
3447.542725 0.000000 1953.894043 0.000000 0.505826 0.000000 0.862635 1.000000 1.000000 1.000000
3452.143799 0.000000 2000.614502 0.000000 0.919501 0.000000 0.393087 1.000000 1.000000 1.000000
3455.418701 0.000000 1992.086060 0.000000 0.835406 0.000000 0.549634 1.000000 1.000000 1.000000
3453.240234 0.000000 2013.737671 0.000000 0.160677 0.000000 0.987007 1.000000 1.000000 1.000000
3450.171143 0.000000 2003.581543 0.000000 0.999728 0.000000 0.023334 1.000000 1.000000 1.000000
3453.997803 0.000000 2010.533813 0.000000 0.995281 0.000000 -0.097038 1.000000 1.000000 1.000000
3450.175293 0.000000 2013.619629 0.000000 0.251084 0.000000 -0.967965 1.000000 1.000000 1.000000
3453.182861 0.000000 2008.148926 0.000000 0.997592 0.000000 -0.069355 1.000000 1.000000 1.000000
3451.383545 0.000000 2006.632324 0.000000 0.716041 0.000000 0.698058 1.000000 1.000000 1.000000
3451.153809 0.000000 2002.142944 0.000000 0.968919 0.000000 0.247379 1.000000 1.000000 1.000000
3460.993652 0.000000 1934.153564 0.000000 0.365642 0.000000 0.930755 1.000000 1.000000 1.000000
3457.091064 0.000000 1931.069580 0.000000 0.050708 0.000000 0.998713 1.000000 1.000000 1.000000
3458.686523 0.000000 1935.253662 0.000000 0.751160 0.000000 -0.660120 1.000000 1.000000 1.000000
3459.278076 0.000000 1932.339844 0.000000 0.761662 0.000000 0.647975 1.000000 1.000000 1.000000
3471.061279 0.000000 1962.976074 0.000000 0.966642 0.000000 -0.256131 1.000000 1.000000 1.000000
3455.675293 0.000000 1969.855835 0.000000 0.018980 0.000000 -0.999820 1.000000 1.000000 1.000000
3465.061523 0.000000 1961.907104 0.000000 0.247946 0.000000 0.968774 1.000000 1.000000 1.000000
3456.367188 0.000000 1966.447266 0.000000 0.991486 0.000000 -0.130215 1.000000 1.000000 1.000000
3457.447021 0.000000 1968.804443 0.000000 0.174518 0.000000 0.984654 1.000000 1.000000 1.000000
3469.234131 0.000000 1962.811279 0.000000 0.984471 0.000000 -0.175546 1.000000 1.000000 1.000000
3456.578613 0.000000 1988.093140 0.000000 0.769296 0.000000 -0.638893 1.000000 1.000000 1.000000
3461.581787 0.000000 1994.754150 0.000000 0.986473 0.000000 0.163926 1.000000 1.000000 1.000000
3459.376465 0.000000 1983.520874 0.000000 0.048369 0.000000 0.998830 1.000000 1.000000 1.000000
2885.652100 0.000000 2058.738525 0.000000 0.713340 0.000000 0.700818 1.000000 1.000000 1.000000
3013.048340 0.000000 2094.114502 0.000000 0.898076 0.000000 0.439841 1.000000 1.000000 1.000000
3063.283691 0.000000 2108.980469 0.000000 0.916983 0.000000 0.398926 1.000000 1.000000 1.000000
3064.807861 0.000000 2106.879639 0.000000 0.972769 0.000000 -0.231776 1.000000 1.000000 1.000000
3003.346924 0.000000 2151.695312 0.000000 0.999167 0.000000 -0.040813 1.000000 1.000000 1.000000
3147.220215 0.000000 2051.676270 0.000000 0.864898 0.000000 -0.501947 1.000000 1.000000 1.000000
3150.713867 0.000000 2051.746338 0.000000 0.329023 0.000000 -0.944322 1.000000 1.000000 1.000000
3144.152832 0.000000 2050.899658 0.000000 0.040581 0.000000 0.999176 1.000000 1.000000 1.000000
3234.968750 0.000000 2068.841309 0.000000 0.443382 0.000000 -0.896333 1.000000 1.000000 1.000000
3239.122314 0.000000 2072.042236 0.000000 0.762908 0.000000 -0.646507 1.000000 1.000000 1.000000
3247.710205 0.000000 2111.227295 0.000000 0.897232 0.000000 0.441560 1.000000 1.000000 1.000000
3248.982666 0.000000 2109.026367 0.000000 0.854878 0.000000 -0.518830 1.000000 1.000000 1.000000
3246.660156 0.000000 2112.660156 0.000000 0.777811 0.000000 -0.628498 1.000000 1.000000 1.000000
3262.220947 0.000000 2115.619629 0.000000 0.510379 0.000000 0.859949 1.000000 1.000000 1.000000
3263.902344 0.000000 2112.042725 0.000000 0.123514 0.000000 0.992343 1.000000 1.000000 1.000000
3267.771973 0.000000 2114.293701 0.000000 0.635886 0.000000 0.771783 1.000000 1.000000 1.000000
3420.147705 0.000000 2064.598877 0.000000 0.999370 0.000000 0.035494 1.000000 1.000000 1.000000
3421.328857 0.000000 2047.941772 0.000000 0.856987 0.000000 0.515338 1.000000 1.000000 1.000000
3419.296143 0.000000 2055.718750 0.000000 0.876860 0.000000 0.480746 1.000000 1.000000 1.000000
3422.201416 0.000000 2051.635254 0.000000 0.792749 0.000000 -0.609548 1.000000 1.000000 1.000000
3423.882812 0.000000 2048.058350 0.000000 0.984634 0.000000 -0.174633 1.000000 1.000000 1.000000
3387.340088 0.000000 2114.055420 0.000000 0.944686 0.000000 0.327977 1.000000 1.000000 1.000000
3391.886719 0.000000 2112.042725 0.000000 0.957951 0.000000 -0.286932 1.000000 1.000000 1.000000
5289.838867 0.000000 2652.882568 0.000000 0.084283 0.000000 0.996442 1.000000 1.000000 1.000000
5301.496582 0.000000 2655.445312 0.000000 0.549437 0.000000 -0.835535 1.000000 1.000000 1.000000
6006.765137 0.000000 3080.953125 0.000000 0.998888 0.000000 0.047149 1.000000 1.000000 1.000000
5988.685547 0.000000 3085.872314 0.000000 0.996947 0.000000 0.078078 1.000000 1.000000 1.000000
5999.876465 0.000000 3090.712646 0.000000 0.965791 0.000000 -0.259323 1.000000 1.000000 1.000000
6005.410645 0.000000 3071.343750 0.000000 0.033137 0.000000 0.999451 1.000000 1.000000 1.000000
5998.752930 0.000000 3082.702637 0.000000 0.421786 0.000000 -0.906695 1.000000 1.000000 1.000000
6015.106445 0.000000 3079.820312 0.000000 0.467329 0.000000 0.884084 1.000000 1.000000 1.000000
5994.658203 0.000000 3087.237549 0.000000 0.987335 0.000000 -0.158647 1.000000 1.000000 1.000000
6004.233887 0.000000 3086.337891 0.000000 0.955379 0.000000 0.295384 1.000000 1.000000 1.000000
5992.752930 0.000000 3081.633545 0.000000 0.581665 0.000000 0.813428 1.000000 1.000000 1.000000
6010.979980 0.000000 3079.468750 0.000000 0.289388 0.000000 -0.957212 1.000000 1.000000 1.000000
6005.118164 0.000000 3075.559570 0.000000 0.998835 0.000000 0.048262 1.000000 1.000000 1.000000
5992.121094 0.000000 3084.943848 0.000000 0.987377 0.000000 -0.158385 1.000000 1.000000 1.000000
5990.172363 0.000000 3079.672607 0.000000 0.986974 0.000000 -0.160880 1.000000 1.000000 1.000000
5997.283691 0.000000 3089.273682 0.000000 0.933770 0.000000 -0.357873 1.000000 1.000000 1.000000
6004.477539 0.000000 3073.393799 0.000000 0.343251 0.000000 -0.939244 1.000000 1.000000 1.000000
5993.653320 0.000000 3083.500977 0.000000 0.626993 0.000000 -0.779025 1.000000 1.000000 1.000000
5991.265137 0.000000 3083.051270 0.000000 0.687931 0.000000 -0.725776 1.000000 1.000000 1.000000
6003.693848 0.000000 3084.607666 0.000000 0.980464 0.000000 0.196698 1.000000 1.000000 1.000000
5990.747559 0.000000 3081.345215 0.000000 0.073047 0.000000 0.997328 1.000000 1.000000 1.000000
6002.752930 0.000000 3085.824951 0.000000 0.924941 0.000000 -0.380111 1.000000 1.000000 1.000000
6084.673828 0.000000 3117.864502 0.000000 0.853889 0.000000 0.520455 1.000000 1.000000 1.000000
6083.610352 0.000000 3121.214355 0.000000 0.919920 0.000000 -0.392107 1.000000 1.000000 1.000000
6085.291016 0.000000 3120.141113 0.000000 0.250250 0.000000 -0.968181 1.000000 1.000000 1.000000
6085.560547 0.000000 3121.794434 0.000000 0.997020 0.000000 -0.077138 1.000000 1.000000 1.000000
6011.831543 0.000000 3216.317627 0.000000 0.709667 0.000000 -0.704537 1.000000 1.000000 1.000000
6254.973145 0.000000 3054.951416 0.000000 0.688665 0.000000 0.725079 1.000000 1.000000 1.000000
6277.700195 0.000000 3066.036865 0.000000 0.402437 0.000000 -0.915448 1.000000 1.000000 1.000000
6300.770508 0.000000 3061.291260 0.000000 0.782148 0.000000 0.623093 1.000000 1.000000 1.000000
6301.993652 0.000000 3058.431396 0.000000 0.509439 0.000000 -0.860507 1.000000 1.000000 1.000000
6307.583008 0.000000 3057.229980 0.000000 0.986167 0.000000 0.165756 1.000000 1.000000 1.000000
6304.019531 0.000000 3054.181641 0.000000 0.332518 0.000000 -0.943097 1.000000 1.000000 1.000000
6261.379395 0.000000 3071.343750 0.000000 0.040931 0.000000 -0.999162 1.000000 1.000000 1.000000
6258.014648 0.000000 3073.131592 0.000000 0.588763 0.000000 -0.808305 1.000000 1.000000 1.000000
6263.199219 0.000000 3073.620605 0.000000 0.999053 0.000000 -0.043520 1.000000 1.000000 1.000000
"}
object={
	name="tree_cedar_generator_1_1"
	clamp_to_water_level=no
	render_under_water=no
	generated_content=yes
	layer="tree_layer"
	pdxmesh="tree_cedar_02_mesh"
	count=20
	transform="299.353027 0.000000 1711.573364 0.000000 0.993136 0.000000 0.116969 1.000000 1.000000 1.000000
319.957336 0.000000 1701.974731 0.000000 0.419224 0.000000 -0.907883 1.000000 1.000000 1.000000
293.380188 0.000000 1742.200439 0.000000 0.184628 0.000000 0.982809 1.000000 1.000000 1.000000
395.541016 0.000000 1727.765259 0.000000 0.315821 0.000000 0.948819 1.000000 1.000000 1.000000
2964.604980 0.000000 2030.595825 0.000000 0.919185 0.000000 0.393826 1.000000 1.000000 1.000000
3162.210449 0.000000 2045.611816 0.000000 0.992335 0.000000 -0.123574 1.000000 1.000000 1.000000
3214.357422 0.000000 1929.104736 0.000000 0.014294 0.000000 0.999898 1.000000 1.000000 1.000000
3441.068848 0.000000 1881.711182 0.000000 0.973217 0.000000 0.229886 1.000000 1.000000 1.000000
3451.817383 0.000000 2011.790161 0.000000 0.117224 0.000000 -0.993106 1.000000 1.000000 1.000000
3453.324951 0.000000 2015.949585 0.000000 0.505473 0.000000 0.862843 1.000000 1.000000 1.000000
3459.930664 0.000000 1937.503418 0.000000 0.916506 0.000000 0.400022 1.000000 1.000000 1.000000
3463.174561 0.000000 1935.179077 0.000000 0.946050 0.000000 0.324020 1.000000 1.000000 1.000000
3229.210205 0.000000 2104.125488 0.000000 0.979991 0.000000 -0.199044 1.000000 1.000000 1.000000
3423.737549 0.000000 2072.233887 0.000000 0.799696 0.000000 -0.600405 1.000000 1.000000 1.000000
5295.460449 0.000000 2655.094482 0.000000 0.186889 0.000000 -0.982381 1.000000 1.000000 1.000000
5995.660645 0.000000 3083.931396 0.000000 0.280195 0.000000 -0.959943 1.000000 1.000000 1.000000
6008.508301 0.000000 3079.410889 0.000000 0.814212 0.000000 -0.580567 1.000000 1.000000 1.000000
6085.303711 0.000000 3123.337158 0.000000 0.726622 0.000000 0.687037 1.000000 1.000000 1.000000
6257.808594 0.000000 3052.020264 0.000000 0.812775 0.000000 -0.582578 1.000000 1.000000 1.000000
6288.569824 0.000000 3062.533203 0.000000 0.999943 0.000000 -0.010714 1.000000 1.000000 1.000000
"}
object={
	name="tree_cedar_generator_1_2"
	clamp_to_water_level=no
	render_under_water=no
	generated_content=yes
	layer="tree_layer"
	pdxmesh="tree_cedar_03_mesh"
	count=23
	transform="319.801239 0.000000 1704.156372 0.000000 0.670576 0.000000 -0.741841 1.000000 1.000000 1.000000
298.893494 0.000000 1704.775269 0.000000 0.960839 0.000000 0.277106 1.000000 1.000000 1.000000
3193.673584 0.000000 1929.793945 0.000000 0.951846 0.000000 -0.306578 1.000000 1.000000 1.000000
3209.092773 0.000000 1929.914917 0.000000 0.807142 0.000000 0.590357 1.000000 1.000000 1.000000
3249.092285 0.000000 1945.695557 0.000000 0.719743 0.000000 -0.694241 1.000000 1.000000 1.000000
3440.916992 0.000000 1878.822388 0.000000 0.091167 0.000000 -0.995836 1.000000 1.000000 1.000000
3445.723145 0.000000 1951.617188 0.000000 0.120668 0.000000 0.992693 1.000000 1.000000 1.000000
3453.106201 0.000000 1993.132690 0.000000 0.583336 0.000000 -0.812231 1.000000 1.000000 1.000000
3451.275635 0.000000 2004.892822 0.000000 0.948902 0.000000 0.315569 1.000000 1.000000 1.000000
3466.061279 0.000000 1949.054443 0.000000 0.071761 0.000000 -0.997422 1.000000 1.000000 1.000000
3467.873047 0.000000 1946.528198 0.000000 0.662691 0.000000 -0.748893 1.000000 1.000000 1.000000
3466.507080 0.000000 1960.712769 0.000000 0.901149 0.000000 -0.433510 1.000000 1.000000 1.000000
3003.614502 0.000000 2148.750732 0.000000 0.689915 0.000000 0.723891 1.000000 1.000000 1.000000
3150.671875 0.000000 2048.675781 0.000000 0.822734 0.000000 0.568427 1.000000 1.000000 1.000000
3241.378174 0.000000 2072.820801 0.000000 0.302274 0.000000 0.953221 1.000000 1.000000 1.000000
3236.782715 0.000000 2071.345947 0.000000 0.493483 0.000000 0.869755 1.000000 1.000000 1.000000
3231.760986 0.000000 2104.226074 0.000000 0.491505 0.000000 -0.870875 1.000000 1.000000 1.000000
6006.924805 0.000000 3068.746094 0.000000 0.098871 0.000000 0.995100 1.000000 1.000000 1.000000
6008.151367 0.000000 3086.975342 0.000000 0.427898 0.000000 0.903827 1.000000 1.000000 1.000000
6002.785645 0.000000 3082.511963 0.000000 0.741428 0.000000 0.671033 1.000000 1.000000 1.000000
6082.366211 0.000000 3118.964600 0.000000 0.991258 0.000000 -0.131935 1.000000 1.000000 1.000000
6010.841797 0.000000 3217.846191 0.000000 0.365390 0.000000 -0.930855 1.000000 1.000000 1.000000
6318.713867 0.000000 3050.710449 0.000000 0.582279 0.000000 0.812989 1.000000 1.000000 1.000000
"}
object={
	name="tree_cedar_generator_1_3"
	clamp_to_water_level=no
	render_under_water=no
	generated_content=yes
	layer="tree_layer"
	pdxmesh="tree_cedar_04_mesh"
	count=11
	transform="307.640167 0.000000 1693.981812 0.000000 0.660802 0.000000 -0.750561 1.000000 1.000000 1.000000
401.134888 0.000000 1727.823608 0.000000 0.436202 0.000000 0.899849 1.000000 1.000000 1.000000
3248.940430 0.000000 1942.806763 0.000000 0.693646 0.000000 0.720316 1.000000 1.000000 1.000000
3440.188965 0.000000 1875.009521 0.000000 0.712401 0.000000 -0.701773 1.000000 1.000000 1.000000
3435.185059 0.000000 1859.723267 0.000000 0.500638 0.000000 0.865656 1.000000 1.000000 1.000000
3439.723877 0.000000 1913.865601 0.000000 0.238724 0.000000 0.971088 1.000000 1.000000 1.000000
3453.117676 0.000000 2005.549194 0.000000 0.868889 0.000000 0.495007 1.000000 1.000000 1.000000
3463.323975 0.000000 1941.697021 0.000000 0.055350 0.000000 -0.998467 1.000000 1.000000 1.000000
2885.063965 0.000000 2062.122314 0.000000 0.766037 0.000000 0.642796 1.000000 1.000000 1.000000
3421.121582 0.000000 2069.533447 0.000000 0.952760 0.000000 0.303725 1.000000 1.000000 1.000000
6284.448730 0.000000 3063.511230 0.000000 0.993469 0.000000 -0.114100 1.000000 1.000000 1.000000
"}
