object={
	name="tree_olive_generator_1_0"
	clamp_to_water_level=no
	render_under_water=no
	generated_content=yes
	layer="tree_layer"
	pdxmesh="tree_olive_01_mesh"
	count=479
	transform="1883.113037 0.000000 281.958069 0.000000 0.006922 0.000000 -0.999976 1.123347 1.123347 1.123347
1770.268311 0.000000 925.304382 0.000000 0.769717 0.000000 -0.638386 0.915298 0.915298 0.915298
1783.280273 0.000000 905.484436 0.000000 0.012506 0.000000 0.999922 0.377986 0.377986 0.377986
1776.251221 0.000000 914.677429 0.000000 0.976607 0.000000 -0.215032 0.801739 0.801739 0.801739
1770.268311 0.000000 957.296570 0.000000 0.151630 0.000000 -0.988437 1.088661 1.088661 1.088661
1765.200562 0.000000 942.395752 0.000000 0.447728 0.000000 -0.894170 1.014175 1.014175 1.014175
1772.047363 0.000000 931.554199 0.000000 0.852508 0.000000 -0.522715 0.881311 0.881311 0.881311
1776.251221 0.000000 946.669617 0.000000 0.741951 0.000000 0.670454 0.574574 0.574574 0.574574
1770.268311 0.000000 989.288757 0.000000 0.999481 0.000000 0.032223 0.742306 0.742306 0.742306
1783.280273 0.000000 969.468811 0.000000 0.725907 0.000000 0.687793 0.568935 0.568935 0.568935
1765.200562 0.000000 974.387939 0.000000 0.930398 0.000000 -0.366551 0.839596 0.839596 0.839596
1787.124756 0.000000 985.786194 0.000000 0.272508 0.000000 -0.962153 1.059110 1.059110 1.059110
1772.047363 0.000000 963.546387 0.000000 0.223207 0.000000 -0.974771 1.071260 1.071260 1.071260
1776.251221 0.000000 978.661804 0.000000 0.650030 0.000000 -0.759908 0.956067 0.956067 0.956067
1781.052734 0.000000 959.910522 0.000000 0.985359 0.000000 0.170494 0.709098 0.709098 0.709098
1787.124756 0.000000 1017.778381 0.000000 0.350546 0.000000 0.936546 0.460503 0.460503 0.460503
1772.047363 0.000000 995.538574 0.000000 0.090550 0.000000 -0.995892 1.103353 1.103353 1.103353
1775.688477 0.000000 1002.402405 0.000000 0.740872 0.000000 -0.671646 0.925809 0.925809 0.925809
1768.877319 0.000000 1013.289490 0.000000 0.907726 0.000000 -0.419564 0.853363 0.853363 0.853363
1765.123291 0.000000 992.665100 0.000000 0.507969 0.000000 0.861375 0.502203 0.502203 0.502203
1766.776001 0.000000 999.495789 0.000000 0.429183 0.000000 0.903218 0.480899 0.480899 0.480899
1770.683105 0.000000 1002.281067 0.000000 0.232232 0.000000 -0.972661 1.069048 1.069048 1.069048
1765.860229 0.000000 1010.379456 0.000000 0.667449 0.000000 0.744656 0.549460 0.549460 0.549460
1767.855347 0.000000 995.455994 0.000000 0.919064 0.000000 -0.394109 0.846710 0.846710 0.846710
1767.222534 0.000000 1003.299194 0.000000 0.318735 0.000000 -0.947844 1.047557 1.047557 1.047557
1778.257690 0.000000 1000.299438 0.000000 0.483379 0.000000 0.875411 0.495443 0.495443 0.495443
1769.308472 0.000000 1005.220032 0.000000 0.275724 0.000000 -0.961237 1.058312 1.058312 1.058312
1773.127930 0.000000 1001.046509 0.000000 0.990369 0.000000 0.138453 0.716840 0.716840 0.716840
1766.345337 0.000000 1014.674988 0.000000 0.897503 0.000000 -0.441009 0.859034 0.859034 0.859034
1765.278320 0.000000 995.266785 0.000000 0.376031 0.000000 0.926607 0.467034 0.467034 0.467034
1769.116577 0.000000 1000.422729 0.000000 0.834743 0.000000 -0.550639 0.889212 0.889212 0.889212
1779.277832 0.000000 1005.696838 0.000000 0.980822 0.000000 0.194908 0.703169 0.703169 0.703169
1765.436035 0.000000 997.662537 0.000000 0.408412 0.000000 0.912798 0.475438 0.475438 0.475438
1766.673950 0.000000 1012.454834 0.000000 0.745139 0.000000 0.666909 0.575713 0.575713 0.575713
1764.762817 0.000000 1011.983337 0.000000 0.125409 0.000000 0.992105 0.405018 0.405018 0.405018
1769.126099 0.000000 1003.279541 0.000000 0.783520 0.000000 -0.621367 0.910067 0.910067 0.910067
1771.407715 0.000000 1000.474731 0.000000 0.956109 0.000000 0.293013 0.679007 0.679007 0.679007
1781.865845 0.000000 1002.682434 0.000000 0.858952 0.000000 -0.512056 0.878337 0.878337 0.878337
1767.675415 0.000000 1001.555298 0.000000 0.604957 0.000000 -0.796259 0.969893 0.969893 0.969893
1766.757812 0.000000 996.691345 0.000000 0.284979 0.000000 -0.958534 1.056010 1.056010 1.056010
1765.374146 0.000000 1013.406616 0.000000 0.968644 0.000000 0.248452 0.690059 0.690059 0.690059
1769.460327 0.000000 998.966187 0.000000 0.931940 0.000000 0.362613 0.661413 0.661413 0.661413
1767.083496 0.000000 998.082764 0.000000 0.230938 0.000000 -0.972968 1.069365 1.069365 1.069365
1769.303955 0.000000 1001.840515 0.000000 0.575962 0.000000 -0.817477 0.978471 0.978471 0.978471
1768.884277 0.000000 996.399780 0.000000 0.550252 0.000000 0.834999 0.514101 0.514101 0.514101
1768.143311 0.000000 999.382629 0.000000 0.957446 0.000000 0.288613 0.680104 0.680104 0.680104
1764.657471 0.000000 996.487305 0.000000 0.025080 0.000000 -0.999685 1.119012 1.119012 1.119012
1766.015015 0.000000 1002.806824 0.000000 0.125286 0.000000 -0.992121 1.095011 1.095011 1.095011
1770.306396 0.000000 1001.069519 0.000000 0.626936 0.000000 0.779070 0.536769 0.536769 0.536769
1766.920898 0.000000 1013.627991 0.000000 0.646677 0.000000 -0.762764 0.957119 0.957119 0.957119
1767.839355 0.000000 1012.717041 0.000000 0.793765 0.000000 -0.608224 0.906088 0.906088 0.906088
1767.534668 0.000000 1000.364197 0.000000 0.705407 0.000000 -0.708803 0.938073 0.938073 0.938073
1768.166382 0.000000 1002.597412 0.000000 0.273867 0.000000 -0.961767 1.058773 1.058773 1.058773
1767.861572 0.000000 996.867493 0.000000 0.979889 0.000000 -0.199544 0.797960 0.797960 0.797960
1802.264404 0.000000 989.288757 0.000000 0.890282 0.000000 0.455409 0.637120 0.637120 0.637120
1802.264404 0.000000 1021.280945 0.000000 0.582057 0.000000 0.813148 0.523314 0.523314 0.523314
1815.276367 0.000000 1001.460999 0.000000 0.912274 0.000000 -0.409581 0.850744 0.850744 0.850744
1797.196655 0.000000 1006.380127 0.000000 0.995225 0.000000 -0.097611 0.773340 0.773340 0.773340
827.241882 0.000000 1049.770508 0.000000 1.000000 0.000000 0.000049 0.749988 0.749988 0.749988
960.260803 0.000000 1074.209351 0.000000 0.347973 0.000000 -0.937504 1.040152 1.040152 1.040152
966.992737 0.000000 1081.376831 0.000000 0.114498 0.000000 0.993423 0.402394 0.402394 0.402394
896.122192 0.000000 1095.833740 0.000000 0.879869 0.000000 -0.475216 0.868222 0.868222 0.868222
902.881409 0.000000 1095.472290 0.000000 0.511680 0.000000 -0.859176 0.996767 0.996767 0.996767
899.405396 0.000000 1092.692261 0.000000 0.970360 0.000000 0.241665 0.691730 0.691730 0.691730
903.327942 0.000000 1099.275757 0.000000 0.609751 0.000000 0.792593 0.531548 0.531548 0.531548
898.826538 0.000000 1095.578247 0.000000 0.953224 0.000000 0.302263 0.676693 0.676693 0.676693
983.377808 0.000000 1097.437500 0.000000 0.806409 0.000000 -0.591358 0.901056 0.901056 0.901056
985.504578 0.000000 1094.822510 0.000000 0.986933 0.000000 -0.161128 0.788635 0.788635 0.788635
1029.290405 0.000000 1134.348877 0.000000 0.923402 0.000000 0.383835 0.655952 0.655952 0.655952
1258.330811 0.000000 1085.265381 0.000000 0.037214 0.000000 -0.999307 1.116114 1.116114 1.116114
1274.625366 0.000000 1085.804077 0.000000 0.979006 0.000000 -0.203830 0.799004 0.799004 0.799004
1243.191162 0.000000 1113.754883 0.000000 0.799255 0.000000 0.600993 0.596079 0.596079 0.596079
1228.113770 0.000000 1091.515137 0.000000 0.504905 0.000000 0.863175 0.501354 0.501354 0.501354
1238.424561 0.000000 1109.006714 0.000000 0.160184 0.000000 0.987087 0.413407 0.413407 0.413407
1232.167236 0.000000 1089.191895 0.000000 0.886599 0.000000 -0.462539 0.864796 0.864796 0.864796
1247.070801 0.000000 1115.006348 0.000000 0.506747 0.000000 0.862095 0.501864 0.501864 0.501864
1248.072632 0.000000 1112.834595 0.000000 0.111418 0.000000 -0.993774 1.098346 1.098346 1.098346
1228.113770 0.000000 1123.507324 0.000000 0.484771 0.000000 -0.874641 1.004177 1.004177 1.004177
1230.556030 0.000000 1126.557495 0.000000 0.751186 0.000000 0.660091 0.577888 0.577888 0.577888
1030.865845 0.000000 1159.456665 0.000000 0.599615 0.000000 -0.800289 0.971490 0.971490 0.971490
1211.195068 0.000000 1177.739258 0.000000 0.772785 0.000000 0.634668 0.585853 0.585853 0.585853
1215.316284 0.000000 1181.259766 0.000000 0.497543 0.000000 0.867439 0.499323 0.499323 0.499323
1210.633179 0.000000 1181.780640 0.000000 0.690100 0.000000 -0.723714 0.943175 0.943175 0.943175
1208.525146 0.000000 1179.244751 0.000000 0.739126 0.000000 -0.673567 0.926429 0.926429 0.926429
1210.562256 0.000000 1179.692993 0.000000 0.995475 0.000000 -0.095024 0.772720 0.772720 0.772720
1221.266968 0.000000 1166.341064 0.000000 0.924819 0.000000 0.380408 0.656838 0.656838 0.656838
1232.317627 0.000000 1170.614990 0.000000 0.989401 0.000000 0.145210 0.715211 0.715211 0.715211
1233.531494 0.000000 1178.828857 0.000000 0.516385 0.000000 -0.856356 0.995458 0.995458 0.995458
1238.424561 0.000000 1172.991089 0.000000 0.089195 0.000000 -0.996014 1.103678 1.103678 1.103678
1216.229614 0.000000 1170.185913 0.000000 0.683710 0.000000 0.729754 0.554726 0.554726 0.554726
1237.275635 0.000000 1167.232544 0.000000 0.952975 0.000000 -0.303048 0.823503 0.823503 0.823503
1238.745117 0.000000 1181.781982 0.000000 0.985909 0.000000 -0.167281 0.790124 0.790124 0.790124
1220.238525 0.000000 1180.942139 0.000000 0.695214 0.000000 -0.718803 0.941482 0.941482 0.941482
1216.288086 0.000000 1165.034302 0.000000 0.920556 0.000000 -0.390610 0.845802 0.845802 0.845802
1233.101196 0.000000 1166.485107 0.000000 0.842114 0.000000 0.539300 0.614017 0.614017 0.614017
1236.556641 0.000000 1179.528442 0.000000 0.373656 0.000000 0.927567 0.466422 0.466422 0.466422
1233.489380 0.000000 1164.188843 0.000000 0.484047 0.000000 0.875042 0.495625 0.495625 0.495625
1230.883301 0.000000 1165.931763 0.000000 0.984337 0.000000 -0.176297 0.792309 0.792309 0.792309
1280.075317 0.000000 1063.841553 0.000000 0.997944 0.000000 -0.064085 0.765310 0.765310 0.765310
1307.992432 0.000000 1136.974731 0.000000 0.175699 0.000000 -0.984444 1.082836 1.082836 1.082836
1302.416748 0.000000 1140.998901 0.000000 0.465618 0.000000 0.884986 0.490626 0.490626 0.490626
1302.362305 0.000000 1145.278320 0.000000 0.037805 0.000000 0.999285 0.384027 0.384027 0.384027
1301.267822 0.000000 1167.232544 0.000000 0.564455 0.000000 0.825464 0.518185 0.518185 0.518185
1317.177979 0.000000 1152.626099 0.000000 0.781386 0.000000 -0.624048 0.910885 0.910885 0.910885
1659.140381 0.000000 1081.762695 0.000000 0.968564 0.000000 0.248763 0.689982 0.689982 0.689982
1661.079346 0.000000 1056.973145 0.000000 0.883991 0.000000 -0.467504 0.866135 0.866135 0.866135
1638.791626 0.000000 1063.480103 0.000000 0.702122 0.000000 0.712057 0.560823 0.560823 0.560823
1653.224854 0.000000 1071.255981 0.000000 0.978055 0.000000 0.208345 0.699894 0.699894 0.699894
1657.264771 0.000000 1078.930054 0.000000 0.777173 0.000000 -0.629287 0.912490 0.912490 0.912490
1662.081543 0.000000 1080.771240 0.000000 0.960113 0.000000 -0.279613 0.817655 0.817655 0.817655
1663.020020 0.000000 1083.014160 0.000000 0.307757 0.000000 -0.951465 1.050316 1.050316 1.050316
1659.865234 0.000000 1079.649414 0.000000 0.356193 0.000000 -0.934412 1.038056 1.038056 1.038056
1660.946167 0.000000 1082.184326 0.000000 0.473319 0.000000 0.880891 0.492708 0.492708 0.492708
1660.664307 0.000000 1080.781982 0.000000 0.341937 0.000000 0.939723 0.458312 0.458312 0.458312
1663.033936 0.000000 1081.696045 0.000000 0.405633 0.000000 -0.914036 1.025288 1.025288 1.025288
1680.262939 0.000000 1074.638428 0.000000 0.618649 0.000000 -0.785667 0.965760 0.965760 0.965760
1664.021851 0.000000 1080.842407 0.000000 0.987648 0.000000 -0.156691 0.787562 0.787562 0.787562
1679.700195 0.000000 1066.386841 0.000000 0.959039 0.000000 0.283275 0.681434 0.681434 0.681434
1670.787720 0.000000 1063.480103 0.000000 0.443593 0.000000 -0.896228 1.015278 1.015278 1.015278
1678.919678 0.000000 1087.686279 0.000000 0.492014 0.000000 -0.870587 1.002196 1.002196 1.002196
1674.694824 0.000000 1066.265381 0.000000 0.992327 0.000000 -0.123639 0.779592 0.779592 0.779592
1670.906860 0.000000 1081.376831 0.000000 0.933470 0.000000 -0.358655 0.837574 0.837574 0.837574
1686.315430 0.000000 1081.293945 0.000000 0.456298 0.000000 -0.889827 1.011881 1.011881 1.011881
1681.046509 0.000000 1070.508545 0.000000 0.990492 0.000000 -0.137570 0.782947 0.782947 0.782947
1677.562744 0.000000 1083.255615 0.000000 0.216658 0.000000 0.976248 0.427137 0.427137 0.427137
1674.622070 0.000000 1081.358521 0.000000 0.979556 0.000000 -0.201174 0.798357 0.798357 0.798357
1682.956177 0.000000 1086.200317 0.000000 0.003634 0.000000 -0.999993 1.124133 1.124133 1.124133
1674.933716 0.000000 1062.661499 0.000000 0.925049 0.000000 0.379849 0.656982 0.656982 0.656982
1667.242065 0.000000 1081.582764 0.000000 0.833582 0.000000 0.552395 0.610285 0.610285 0.610285
1677.236938 0.000000 1068.258667 0.000000 0.137564 0.000000 -0.990493 1.092055 1.092055 1.092055
1678.312378 0.000000 1072.258057 0.000000 0.393532 0.000000 -0.919311 1.028440 1.028440 1.028440
1677.139648 0.000000 1065.030884 0.000000 0.193245 0.000000 0.981151 0.421426 0.421426 0.421426
1679.898193 0.000000 1085.107178 0.000000 0.599214 0.000000 -0.800589 0.971610 0.971610 0.971610
1672.417480 0.000000 1083.478271 0.000000 0.028456 0.000000 -0.999595 1.118206 1.118206 1.118206
1665.154297 0.000000 1083.144775 0.000000 0.715465 0.000000 -0.698648 0.934661 0.934661 0.934661
1673.128296 0.000000 1064.407104 0.000000 0.128957 0.000000 -0.991650 1.094128 1.094128 1.094128
1672.505127 0.000000 1061.772949 0.000000 0.929383 0.000000 -0.369117 0.840255 0.840255 0.840255
1681.434692 0.000000 1068.212280 0.000000 0.851112 0.000000 -0.524984 0.881947 0.881947 0.881947
1678.828613 0.000000 1069.955200 0.000000 0.999933 0.000000 -0.011585 0.752766 0.752766 0.752766
1670.080322 0.000000 1083.503174 0.000000 0.024658 0.000000 -0.999696 1.119113 1.119113 1.119113
1681.039307 0.000000 1087.266113 0.000000 0.997701 0.000000 -0.067776 0.766193 0.766193 0.766193
1668.979736 0.000000 1080.253662 0.000000 0.764507 0.000000 -0.644615 0.917237 0.917237 0.917237
1684.933105 0.000000 1087.046265 0.000000 0.226882 0.000000 0.973922 0.429640 0.429640 0.429640
1680.749878 0.000000 1072.461548 0.000000 0.996409 0.000000 -0.084665 0.770236 0.770236 0.770236
1675.119141 0.000000 1068.264404 0.000000 0.374194 0.000000 -0.927350 1.033440 1.033440 1.033440
1673.137817 0.000000 1067.263916 0.000000 0.756845 0.000000 0.653595 0.579945 0.579945 0.579945
1675.419434 0.000000 1064.459106 0.000000 0.990839 0.000000 -0.135047 0.782339 0.782339 0.782339
1679.427490 0.000000 1068.184692 0.000000 0.782740 0.000000 -0.622349 0.910366 0.910366 0.910366
1667.302734 0.000000 1083.388428 0.000000 0.448148 0.000000 0.893959 0.485937 0.485937 0.485937
1668.913940 0.000000 1082.199585 0.000000 0.431313 0.000000 0.902202 0.481462 0.481462 0.481462
1676.370117 0.000000 1066.612061 0.000000 0.919974 0.000000 0.391978 0.653843 0.653843 0.653843
1678.064697 0.000000 1066.791504 0.000000 0.983634 0.000000 -0.180179 0.793251 0.793251 0.793251
1665.654175 0.000000 1080.930054 0.000000 0.502586 0.000000 -0.864527 0.999287 0.999287 0.999287
1679.002075 0.000000 1073.685547 0.000000 0.916136 0.000000 0.400868 0.651531 0.651531 0.651531
1679.735107 0.000000 1071.263428 0.000000 0.530828 0.000000 0.847479 0.508589 0.508589 0.508589
1673.472046 0.000000 1062.950562 0.000000 0.834953 0.000000 0.550321 0.610879 0.610879 0.610879
1673.315674 0.000000 1065.824951 0.000000 0.997336 0.000000 -0.072940 0.767429 0.767429 0.767429
1663.854248 0.000000 1083.922485 0.000000 0.035275 0.000000 0.999378 0.383423 0.383423 0.383423
1672.895996 0.000000 1060.384155 0.000000 0.909731 0.000000 0.415199 0.647784 0.647784 0.647784
1680.331665 0.000000 1069.308716 0.000000 0.716807 0.000000 -0.697272 0.934202 0.934202 0.934202
1672.155029 0.000000 1063.367065 0.000000 0.840952 0.000000 0.541110 0.613503 0.613503 0.613503
1783.280273 0.000000 1033.453125 0.000000 0.998243 0.000000 0.059253 0.735846 0.735846 0.735846
1765.200562 0.000000 1038.372314 0.000000 0.250760 0.000000 0.968049 0.435510 0.435510 0.435510
1787.124756 0.000000 1049.770508 0.000000 0.879356 0.000000 -0.476165 0.868480 0.868480 0.868480
1772.047363 0.000000 1027.530762 0.000000 0.634741 0.000000 -0.772725 0.960830 0.960830 0.960830
1776.251221 0.000000 1042.646240 0.000000 0.198354 0.000000 -0.980130 1.077330 1.077330 1.077330
1768.877319 0.000000 1045.281616 0.000000 0.579985 0.000000 -0.814627 0.977294 0.977294 0.977294
1777.465088 0.000000 1050.860107 0.000000 0.987543 0.000000 0.157352 0.712278 0.712278 0.712278
1782.358154 0.000000 1045.022339 0.000000 0.985334 0.000000 0.170637 0.709063 0.709063 0.709063
1781.209229 0.000000 1039.263794 0.000000 0.879266 0.000000 0.476332 0.631474 0.631474 0.631474
1782.678711 0.000000 1053.813232 0.000000 0.045512 0.000000 -0.998964 1.114131 1.114131 1.114131
1773.549072 0.000000 1047.523071 0.000000 0.802245 0.000000 -0.596994 0.902729 0.902729 0.902729
1774.907959 0.000000 1055.694092 0.000000 0.936406 0.000000 0.350919 0.664402 0.664402 0.664402
1770.683105 0.000000 1034.273193 0.000000 0.796049 0.000000 0.605232 0.594810 0.594810 0.594810
1763.499756 0.000000 1034.260498 0.000000 0.993729 0.000000 0.111811 0.723251 0.723251 0.723251
1777.034790 0.000000 1038.516357 0.000000 0.528175 0.000000 0.849136 0.507843 0.507843 0.507843
1772.164185 0.000000 1042.905396 0.000000 0.918717 0.000000 0.394916 0.653080 0.653080 0.653080
1786.562866 0.000000 1053.811890 0.000000 0.572405 0.000000 0.819971 0.520492 0.520492 0.520492
1773.551025 0.000000 1051.263428 0.000000 0.520448 0.000000 -0.853894 0.994324 0.994324 0.994324
1770.610352 0.000000 1049.366333 0.000000 0.290669 0.000000 0.956824 0.445408 0.445408 0.445408
1767.222534 0.000000 1035.291382 0.000000 0.929631 0.000000 0.368491 0.659906 0.659906 0.659906
1779.813354 0.000000 1042.677856 0.000000 0.369293 0.000000 -0.929313 1.034700 1.034700 1.034700
1778.944458 0.000000 1054.208130 0.000000 0.651975 0.000000 0.758241 0.544544 0.544544 0.544544
1785.249146 0.000000 1046.937866 0.000000 0.087633 0.000000 0.996153 0.395948 0.395948 0.395948
1774.300659 0.000000 1040.265869 0.000000 0.336877 0.000000 -0.941549 1.042972 1.042972 1.042972
1784.454834 0.000000 1051.276001 0.000000 0.983458 0.000000 -0.181139 0.793484 0.793484 0.793484
1769.308472 0.000000 1037.212280 0.000000 0.826247 0.000000 0.563307 0.607147 0.607147 0.607147
1788.722046 0.000000 1052.068237 0.000000 0.758077 0.000000 -0.652165 0.919604 0.919604 0.919604
1766.345337 0.000000 1046.667236 0.000000 0.485552 0.000000 0.874208 0.496036 0.496036 0.496036
1776.096558 0.000000 1048.494751 0.000000 0.237860 0.000000 -0.971299 1.067665 1.067665 1.067665
1779.508667 0.000000 1049.015503 0.000000 0.998434 0.000000 -0.055944 0.763363 0.763363 0.763363
1775.886475 0.000000 1053.114990 0.000000 0.999743 0.000000 -0.022684 0.755416 0.755416 0.755416
1769.424194 0.000000 1042.636108 0.000000 0.991691 0.000000 -0.128641 0.780796 0.780796 0.780796
1771.723389 0.000000 1045.639893 0.000000 0.138348 0.000000 -0.990384 1.091865 1.091865 1.091865
1778.859985 0.000000 1040.337036 0.000000 0.500739 0.000000 0.865598 0.500204 0.500204 0.500204
1789.147705 0.000000 1054.722656 0.000000 0.456464 0.000000 -0.889742 1.011837 1.011837 1.011837
1769.116577 0.000000 1032.414917 0.000000 0.443373 0.000000 -0.896337 1.015336 1.015336 1.015336
1781.153687 0.000000 1047.124878 0.000000 0.127214 0.000000 0.991875 0.405453 0.405453 0.405453
1768.842651 0.000000 1047.696533 0.000000 0.680903 0.000000 0.732373 0.553809 0.553809 0.553809
1779.277832 0.000000 1037.688965 0.000000 0.649632 0.000000 0.760249 0.543808 0.543808 0.543808
1777.422974 0.000000 1036.220093 0.000000 0.585231 0.000000 -0.810867 0.975753 0.975753 0.975753
1774.816895 0.000000 1037.963013 0.000000 0.945089 0.000000 -0.326812 0.829481 0.829481 0.829481
1766.673950 0.000000 1044.447021 0.000000 0.764290 0.000000 -0.644873 0.917317 0.917317 0.917317
1765.828857 0.000000 1033.514160 0.000000 0.989665 0.000000 -0.143398 0.784352 0.784352 0.784352
1784.470703 0.000000 1049.038208 0.000000 0.039691 0.000000 -0.999212 1.115522 1.115522 1.115522
1765.013062 0.000000 1035.896973 0.000000 0.966252 0.000000 0.257599 0.687802 0.687802 0.687802
1784.506836 0.000000 1044.877319 0.000000 0.847710 0.000000 0.530460 0.616514 0.616514 0.616514
1767.387451 0.000000 1038.115479 0.000000 0.970414 0.000000 0.241449 0.691783 0.691783 0.691783
1774.282104 0.000000 1043.251709 0.000000 0.523026 0.000000 -0.852317 0.993602 0.993602 0.993602
1786.491943 0.000000 1051.724243 0.000000 0.663209 0.000000 0.748434 0.548105 0.548105 0.548105
1772.644409 0.000000 1049.383545 0.000000 0.595736 0.000000 0.803180 0.527355 0.527355 0.527355
1780.921387 0.000000 1055.054077 0.000000 0.899576 0.000000 0.436764 0.642093 0.642093 0.642093
1776.738159 0.000000 1040.469360 0.000000 0.089970 0.000000 0.995944 0.396508 0.396508 0.396508
1771.624512 0.000000 1047.635010 0.000000 0.837492 0.000000 0.546450 0.611984 0.611984 0.611984
1775.402222 0.000000 1050.731812 0.000000 0.040604 0.000000 0.999175 0.384696 0.384696 0.384696
1778.554443 0.000000 1052.374023 0.000000 0.956393 0.000000 0.292084 0.679239 0.679239 0.679239
1770.437378 0.000000 1044.196777 0.000000 0.692632 0.000000 -0.721291 0.942338 0.942338 0.942338
1769.126099 0.000000 1035.271729 0.000000 0.906826 0.000000 -0.421504 0.853873 0.853873 0.853873
1775.415771 0.000000 1036.192505 0.000000 0.996571 0.000000 0.082745 0.730224 0.730224 0.730224
1773.399170 0.000000 1044.878784 0.000000 0.642882 0.000000 -0.765966 0.958304 0.958304 0.958304
1783.088989 0.000000 1055.582886 0.000000 0.184860 0.000000 -0.982765 1.080613 1.080613 1.080613
1781.008423 0.000000 1053.266357 0.000000 0.999897 0.000000 -0.014366 0.753430 0.753430 0.753430
1767.675415 0.000000 1033.547485 0.000000 0.751666 0.000000 0.659544 0.578062 0.578062 0.578062
1770.165283 0.000000 1046.491821 0.000000 0.349860 0.000000 0.936802 0.460328 0.460328 0.460328
1768.077393 0.000000 1043.566528 0.000000 0.541027 0.000000 -0.841005 0.988527 0.988527 0.988527
1766.277710 0.000000 1036.917847 0.000000 0.975787 0.000000 -0.218725 0.802642 0.802642 0.802642
1779.069336 0.000000 1050.609009 0.000000 0.932516 0.000000 -0.361129 0.838206 0.838206 0.838206
1780.802490 0.000000 1049.974243 0.000000 0.349346 0.000000 0.936994 0.460197 0.460197 0.460197
1774.990356 0.000000 1041.693359 0.000000 0.786396 0.000000 -0.617723 0.908958 0.908958 0.908958
1775.723389 0.000000 1039.271240 0.000000 0.981327 0.000000 -0.192349 0.796208 0.796208 0.796208
1787.620728 0.000000 1055.161499 0.000000 0.012619 0.000000 0.999920 0.378013 0.378013 0.378013
1767.947754 0.000000 1036.583618 0.000000 0.931348 0.000000 -0.364130 0.838975 0.838975 0.838975
1778.436768 0.000000 1038.946411 0.000000 0.993426 0.000000 0.114478 0.722610 0.722610 0.722610
1769.303955 0.000000 1033.832764 0.000000 0.123010 0.000000 -0.992405 1.095559 1.095559 1.095559
1770.275635 0.000000 1047.983643 0.000000 0.084060 0.000000 0.996461 0.395092 0.395092 0.395092
1764.391357 0.000000 1037.204224 0.000000 0.620049 0.000000 0.784563 0.534665 0.534665 0.534665
1776.390869 0.000000 1051.770630 0.000000 0.036086 0.000000 -0.999349 1.116383 1.116383 1.116383
1770.828125 0.000000 1042.619995 0.000000 0.767614 0.000000 0.640913 0.583917 0.583917 0.583917
1779.829224 0.000000 1039.105347 0.000000 0.580024 0.000000 -0.814599 0.977282 0.977282 0.977282
1766.015015 0.000000 1034.798950 0.000000 0.124971 0.000000 -0.992160 1.095087 1.095087 1.095087
1764.794312 0.000000 1034.289062 0.000000 0.744926 0.000000 0.667147 0.575637 0.575637 0.575637
1775.490723 0.000000 1040.516602 0.000000 0.996299 0.000000 0.085956 0.729454 0.729454 0.729454
1769.245850 0.000000 1044.109497 0.000000 0.747154 0.000000 0.664651 0.576435 0.576435 0.576435
1776.939819 0.000000 1041.643188 0.000000 0.906197 0.000000 -0.422855 0.854229 0.854229 0.854229
1770.564331 0.000000 1045.388672 0.000000 0.997119 0.000000 0.075848 0.731875 0.731875 0.731875
1780.094604 0.000000 1054.042969 0.000000 0.999003 0.000000 -0.044650 0.760663 0.760663 0.760663
1767.534668 0.000000 1032.356323 0.000000 0.999690 0.000000 0.024879 0.744060 0.744060 0.744060
1777.755859 0.000000 1039.903687 0.000000 0.421233 0.000000 -0.906953 1.021198 1.021198 1.021198
1768.166382 0.000000 1034.589600 0.000000 0.589590 0.000000 0.807703 0.525533 0.525533 0.525533
1770.268311 0.000000 1085.265381 0.000000 0.674396 0.000000 0.738370 0.551697 0.551697 0.551697
1783.280273 0.000000 1065.445312 0.000000 0.893121 0.000000 0.449816 0.638617 0.638617 0.638617
1781.052734 0.000000 1055.887085 0.000000 0.951559 0.000000 0.307467 0.675389 0.675389 0.675389
1787.933838 0.000000 1072.990356 0.000000 0.317409 0.000000 0.948289 0.452110 0.452110 0.452110
1789.063721 0.000000 1056.973145 0.000000 0.990009 0.000000 -0.141005 0.783775 0.783775 0.783775
1774.907959 0.000000 1087.686279 0.000000 0.757558 0.000000 0.652768 0.580206 0.580206 0.580206
1789.722900 0.000000 1068.348389 0.000000 0.876978 0.000000 -0.480530 0.869667 0.869667 0.869667
1791.245972 0.000000 1085.283203 0.000000 0.996369 0.000000 0.085140 0.729650 0.729650 0.729650
1785.285645 0.000000 1069.479004 0.000000 0.915419 0.000000 -0.402503 0.848895 0.848895 0.848895
1773.551025 0.000000 1083.255615 0.000000 0.690940 0.000000 0.722912 0.557102 0.557102 0.557102
1785.406982 0.000000 1062.830322 0.000000 0.989693 0.000000 0.143204 0.715695 0.715695 0.715695
1775.886475 0.000000 1085.107178 0.000000 0.985201 0.000000 -0.171403 0.791122 0.791122 0.791122
1772.932495 0.000000 1085.945312 0.000000 0.251184 0.000000 -0.967939 1.064385 1.064385 1.064385
1787.805176 0.000000 1070.055298 0.000000 0.901401 0.000000 -0.432985 0.856905 0.856905 0.856905
1783.148071 0.000000 1057.361084 0.000000 0.773831 0.000000 0.633393 0.586246 0.586246 0.586246
1784.651245 0.000000 1067.195557 0.000000 0.079186 0.000000 -0.996860 1.106076 1.106076 1.106076
1785.272461 0.000000 1064.937622 0.000000 0.322507 0.000000 -0.946567 1.046606 1.046606 1.046606
1783.492920 0.000000 1063.427979 0.000000 0.564974 0.000000 0.825109 0.518335 0.518335 0.518335
1787.452393 0.000000 1055.816406 0.000000 0.550538 0.000000 -0.834810 0.985817 0.985817 0.985817
1787.592407 0.000000 1068.206543 0.000000 0.311102 0.000000 -0.950376 1.049476 1.049476 1.049476
1787.260742 0.000000 1062.137817 0.000000 0.958999 0.000000 -0.283409 0.818599 0.818599 0.818599
1783.781982 0.000000 1055.770264 0.000000 0.669937 0.000000 0.742418 0.550259 0.550259 0.550259
1785.860107 0.000000 1061.031372 0.000000 0.983304 0.000000 0.181969 0.706315 0.706315 0.706315
1780.656250 0.000000 1057.534790 0.000000 0.775732 0.000000 0.631062 0.586964 0.586964 0.586964
1774.195679 0.000000 1084.782959 0.000000 0.481906 0.000000 -0.876223 1.004959 1.004959 1.004959
1786.061768 0.000000 1067.844116 0.000000 0.762371 0.000000 -0.647140 0.918026 0.918026 0.918026
1772.591919 0.000000 1084.496704 0.000000 0.183085 0.000000 0.983097 0.418956 0.418956 0.418956
1782.383789 0.000000 1056.230469 0.000000 0.434494 0.000000 0.900675 0.482305 0.482305 0.482305
1781.938354 0.000000 1057.991699 0.000000 0.996872 0.000000 -0.079028 0.768886 0.768886 0.768886
1789.721069 0.000000 1055.755859 0.000000 0.111233 0.000000 0.993794 0.401610 0.401610 0.401610
1784.106323 0.000000 1064.498535 0.000000 0.152817 0.000000 -0.988254 1.088374 1.088374 1.088374
1786.418823 0.000000 1065.367920 0.000000 0.868782 0.000000 -0.495195 0.873678 0.873678 0.873678
1784.456665 0.000000 1065.817261 0.000000 0.676410 0.000000 -0.736525 0.947651 0.947651 0.947651
1785.782104 0.000000 1063.917480 0.000000 0.734623 0.000000 -0.678476 0.928019 0.928019 0.928019
1685.064453 0.000000 1087.879272 0.000000 0.626255 0.000000 0.779618 0.536560 0.536560 0.536560
1688.531982 0.000000 1091.874756 0.000000 0.977290 0.000000 0.211906 0.699025 0.699025 0.699025
1685.168945 0.000000 1091.150024 0.000000 0.778623 0.000000 -0.627492 0.911939 0.911939 0.911939
1691.432861 0.000000 1092.394653 0.000000 0.012924 0.000000 -0.999916 1.121914 1.121914 1.121914
1682.808228 0.000000 1089.581909 0.000000 0.511822 0.000000 0.859091 0.503272 0.503272 0.503272
1687.159790 0.000000 1089.353271 0.000000 0.037119 0.000000 0.999311 0.383863 0.383863 0.383863
1681.593384 0.000000 1087.744873 0.000000 0.539123 0.000000 0.842227 0.510933 0.510933 0.510933
1678.739136 0.000000 1087.744507 0.000000 0.192452 0.000000 0.981306 0.421233 0.421233 0.421233
1684.667969 0.000000 1089.526978 0.000000 0.420549 0.000000 -0.907270 1.021378 1.021378 1.021378
1687.347412 0.000000 1090.935791 0.000000 0.465773 0.000000 0.884904 0.490668 0.490668 0.490668
1686.395508 0.000000 1088.222656 0.000000 0.773352 0.000000 0.633977 0.586066 0.586066 0.586066
1685.950073 0.000000 1089.983887 0.000000 0.987713 0.000000 -0.156280 0.787463 0.787463 0.787463
1685.510254 0.000000 1088.859009 0.000000 0.995841 0.000000 0.091106 0.728220 0.728220 0.728220
1701.208374 0.000000 1102.356689 0.000000 0.888573 0.000000 -0.458735 0.863773 0.863773 0.863773
1704.885132 0.000000 1109.265991 0.000000 0.831587 0.000000 -0.555395 0.890575 0.890575 0.890575
1696.229492 0.000000 1101.049927 0.000000 0.781007 0.000000 0.624522 0.588970 0.588970 0.588970
1698.198120 0.000000 1103.589233 0.000000 0.962911 0.000000 -0.269819 0.815223 0.815223 0.815223
1699.047852 0.000000 1100.842407 0.000000 0.172388 0.000000 -0.985029 1.083639 1.083639 1.083639
1697.070679 0.000000 1098.788696 0.000000 0.716851 0.000000 -0.697227 0.934187 0.934187 0.934187
1700.244751 0.000000 1104.711914 0.000000 0.872529 0.000000 -0.488563 0.871859 0.871859 0.871859
1702.312378 0.000000 1104.360107 0.000000 0.255572 0.000000 0.966790 0.436698 0.436698 0.436698
1697.694458 0.000000 1101.970825 0.000000 0.419841 0.000000 0.907598 0.478436 0.478436 0.478436
1699.557373 0.000000 1102.491211 0.000000 0.899090 0.000000 0.437764 0.641828 0.641828 0.641828
1697.543579 0.000000 1100.497314 0.000000 0.271636 0.000000 0.962400 0.440673 0.440673 0.440673
1759.249878 0.000000 1117.275391 0.000000 0.109142 0.000000 0.994026 0.401108 0.401108 0.401108
1783.280273 0.000000 1097.437500 0.000000 0.888927 0.000000 0.458049 0.636411 0.636411 0.636411
1772.047363 0.000000 1091.515137 0.000000 0.664260 0.000000 -0.747501 0.951560 0.951560 0.951560
1776.251221 0.000000 1106.630615 0.000000 0.758253 0.000000 -0.651960 0.919540 0.919540 0.919540
1787.933838 0.000000 1104.982544 0.000000 0.594930 0.000000 -0.803778 0.972885 0.972885 0.972885
1768.877319 0.000000 1109.265991 0.000000 0.261672 0.000000 -0.965157 1.061795 1.061795 1.061795
1778.515991 0.000000 1093.020752 0.000000 0.927425 0.000000 -0.374010 0.841513 0.841513 0.841513
1764.172119 0.000000 1116.957764 0.000000 0.992323 0.000000 0.123671 0.720400 0.720400 0.720400
1766.895142 0.000000 1113.369019 0.000000 0.822480 0.000000 0.568794 0.605558 0.605558 0.605558
1776.100830 0.000000 1089.191895 0.000000 0.910186 0.000000 0.414199 0.648046 0.648046 0.648046
1788.982544 0.000000 1109.593506 0.000000 0.995328 0.000000 -0.096547 0.773085 0.773085 0.773085
1774.489624 0.000000 1094.565308 0.000000 0.806953 0.000000 -0.590616 0.900836 0.900836 0.900836
1786.562866 0.000000 1117.796265 0.000000 0.966257 0.000000 0.257579 0.687806 0.687806 0.687806
1778.944458 0.000000 1118.192505 0.000000 0.355997 0.000000 -0.934487 1.038106 1.038106 1.038106
1763.230347 0.000000 1113.574951 0.000000 0.912620 0.000000 0.408809 0.649458 0.649458 0.649458
1767.228394 0.000000 1117.813110 0.000000 0.927438 0.000000 0.373978 0.658495 0.658495 0.658495
1790.361816 0.000000 1106.878906 0.000000 0.468352 0.000000 -0.883542 1.008636 1.008636 1.008636
1775.807861 0.000000 1092.098511 0.000000 0.993340 0.000000 0.115218 0.722433 0.722433 0.722433
1788.722046 0.000000 1116.052612 0.000000 0.800863 0.000000 -0.598848 0.903281 0.903281 0.903281
1766.345337 0.000000 1110.651611 0.000000 0.521520 0.000000 -0.853239 0.994024 0.994024 0.994024
1762.538452 0.000000 1119.393188 0.000000 0.536374 0.000000 -0.843980 0.989845 0.989845 0.989845
1769.424194 0.000000 1106.620483 0.000000 0.653475 0.000000 -0.756948 0.954983 0.954983 0.954983
1768.405762 0.000000 1115.470459 0.000000 0.575898 0.000000 0.817521 0.521511 0.521511 0.521511
1761.142578 0.000000 1115.136963 0.000000 0.566025 0.000000 -0.824388 0.981360 0.981360 0.981360
1789.147705 0.000000 1118.707031 0.000000 0.362603 0.000000 -0.931944 1.036416 1.036416 1.036416
1768.842651 0.000000 1111.680908 0.000000 0.735365 0.000000 0.677672 0.572242 0.572242 0.572242
1768.493408 0.000000 1093.765137 0.000000 0.989608 0.000000 0.143793 0.715553 0.715553 0.715553
1766.068604 0.000000 1115.495361 0.000000 0.987337 0.000000 0.158638 0.711967 0.711967 0.711967
1769.947144 0.000000 1090.315552 0.000000 0.995656 0.000000 -0.093110 0.772261 0.772261 0.772261
1784.597168 0.000000 1118.612793 0.000000 0.931656 0.000000 0.363342 0.661227 0.661227 0.661227
1764.968018 0.000000 1112.245850 0.000000 0.428602 0.000000 -0.903493 1.019255 1.019255 1.019255
1772.653198 0.000000 1093.503418 0.000000 0.297583 0.000000 -0.954696 1.052865 1.052865 1.052865
1774.119751 0.000000 1090.664185 0.000000 0.249840 0.000000 -0.968287 1.064716 1.064716 1.064716
1770.322510 0.000000 1092.666870 0.000000 0.984738 0.000000 -0.174044 0.791763 0.791763 0.791763
1761.894775 0.000000 1117.437378 0.000000 0.702949 0.000000 -0.711240 0.938900 0.938900 0.938900
1788.494141 0.000000 1107.646973 0.000000 0.542978 0.000000 0.839747 0.512027 0.512027 0.512027
1780.921387 0.000000 1119.038452 0.000000 0.997140 0.000000 -0.075580 0.768061 0.768061 0.768061
1777.371826 0.000000 1090.958862 0.000000 0.918822 0.000000 0.394673 0.653143 0.653143 0.653143
1760.441162 0.000000 1119.056885 0.000000 0.983809 0.000000 0.179220 0.706982 0.706982 0.706982
1789.744019 0.000000 1105.127563 0.000000 0.971331 0.000000 -0.237731 0.807303 0.807303 0.807303
1779.186035 0.000000 1091.328003 0.000000 0.492865 0.000000 0.870106 0.498038 0.498038 0.498038
1763.291016 0.000000 1115.380615 0.000000 0.605555 0.000000 0.795804 0.530287 0.530287 0.530287
1783.088989 0.000000 1119.567261 0.000000 0.856906 0.000000 0.515473 0.620712 0.620712 0.620712
1764.902222 0.000000 1114.191772 0.000000 0.985684 0.000000 0.168602 0.709556 0.709556 0.709556
1774.114014 0.000000 1092.557983 0.000000 0.444160 0.000000 -0.895948 1.015127 1.015127 1.015127
1781.008423 0.000000 1117.250732 0.000000 0.884236 0.000000 0.467040 0.633990 0.633990 0.633990
1765.815186 0.000000 1117.117554 0.000000 0.392881 0.000000 -0.919589 1.028609 1.028609 1.028609
1791.288330 0.000000 1104.786011 0.000000 0.994311 0.000000 0.106512 0.724524 0.724524 0.724524
1787.620728 0.000000 1119.145874 0.000000 0.050229 0.000000 0.998738 0.386996 0.386996 0.386996
1776.960693 0.000000 1093.065918 0.000000 0.595988 0.000000 0.802994 0.527429 0.527429 0.527429
1763.442871 0.000000 1118.224731 0.000000 0.965030 0.000000 0.262141 0.686679 0.686679 0.686679
1775.524170 0.000000 1093.533936 0.000000 0.858377 0.000000 0.513019 0.621395 0.621395 0.621395
1775.558472 0.000000 1090.526733 0.000000 0.206816 0.000000 -0.978380 1.075267 1.075267 1.075267
1783.512329 0.000000 1116.710938 0.000000 0.560822 0.000000 -0.827937 0.982864 0.982864 0.982864
1767.231567 0.000000 1114.703491 0.000000 0.044363 0.000000 -0.999015 1.114406 1.114406 1.114406
1764.634399 0.000000 1115.645386 0.000000 0.711160 0.000000 0.703031 0.563872 0.563872 0.563872
1762.179443 0.000000 1116.151733 0.000000 0.286715 0.000000 -0.958016 1.055578 1.055578 1.055578
1786.180664 0.000000 1119.138428 0.000000 0.047748 0.000000 -0.998859 1.113597 1.113597 1.113597
1762.129150 0.000000 1114.253662 0.000000 0.823403 0.000000 0.567457 0.605945 0.605945 0.605945
1760.968262 0.000000 1116.549438 0.000000 0.193648 0.000000 0.981071 0.421524 0.421524 0.421524
1766.187744 0.000000 1112.364990 0.000000 0.175240 0.000000 -0.984526 1.082947 1.082947 1.082947
1766.075684 0.000000 1114.246094 0.000000 0.194731 0.000000 0.980857 0.421787 0.421787 0.421787
1763.000854 0.000000 1117.126343 0.000000 0.598928 0.000000 0.800803 0.528305 0.528305 0.528305
1780.094604 0.000000 1118.027344 0.000000 0.884339 0.000000 -0.466846 0.865957 0.865957 0.865957
1781.489258 0.000000 1116.199219 0.000000 0.843098 0.000000 -0.537759 0.885547 0.885547 0.885547
1764.957153 0.000000 1117.824219 0.000000 0.298583 0.000000 0.954384 0.447385 0.447385 0.447385
1776.868408 0.000000 1091.949707 0.000000 0.443290 0.000000 -0.896378 1.015358 1.015358 1.015358
1756.596802 0.000000 1127.313477 0.000000 0.165300 0.000000 0.986243 0.414644 0.414644 0.414644
1758.493896 0.000000 1124.378296 0.000000 0.590040 0.000000 -0.807374 0.974334 0.974334 0.974334
1758.668091 0.000000 1129.607666 0.000000 0.230993 0.000000 -0.972955 1.069352 1.069352 1.069352
1758.883057 0.000000 1127.198853 0.000000 0.968252 0.000000 -0.249977 0.810317 0.810317 0.810317
1756.911255 0.000000 1125.522217 0.000000 0.993232 0.000000 0.116151 0.722208 0.722208 0.722208
1758.558960 0.000000 1125.815063 0.000000 0.995239 0.000000 -0.097469 0.773306 0.773306 0.773306
1757.694580 0.000000 1126.721436 0.000000 0.994242 0.000000 0.107161 0.724368 0.724368 0.724368
1759.522217 0.000000 1125.056030 0.000000 0.574216 0.000000 -0.818704 0.978980 0.978980 0.978980
1765.200562 0.000000 1134.348877 0.000000 0.792892 0.000000 0.609362 0.593569 0.593569 0.593569
1787.124756 0.000000 1145.747070 0.000000 0.202368 0.000000 0.979310 0.423648 0.423648 0.423648
1776.251221 0.000000 1138.622803 0.000000 0.916379 0.000000 0.400312 0.651676 0.651676 0.651676
1760.010132 0.000000 1144.826782 0.000000 0.979346 0.000000 -0.202193 0.798605 0.798605 0.798605
1781.052734 0.000000 1119.871460 0.000000 0.066025 0.000000 0.997818 0.390774 0.390774 0.390774
1760.016724 0.000000 1127.825928 0.000000 0.339629 0.000000 0.940559 0.457726 0.457726 0.457726
1789.063721 0.000000 1120.957520 0.000000 0.631761 0.000000 0.775164 0.538251 0.538251 0.538251
1760.163208 0.000000 1138.193726 0.000000 0.953746 0.000000 -0.300614 0.822894 0.822894 0.822894
1784.520264 0.000000 1123.866943 0.000000 0.876527 0.000000 -0.481353 0.869891 0.869891 0.869891
1760.221680 0.000000 1133.042114 0.000000 0.728413 0.000000 -0.685138 0.930194 0.930194 0.930194
1763.735962 0.000000 1141.737671 0.000000 0.338031 0.000000 -0.941135 1.042679 1.042679 1.042679
1765.860229 0.000000 1138.348145 0.000000 0.981613 0.000000 0.190883 0.704149 0.704149 0.704149
1785.492676 0.000000 1120.292603 0.000000 0.821187 0.000000 -0.570660 0.894984 0.894984 0.894984
1781.833008 0.000000 1126.231812 0.000000 0.995644 0.000000 0.093241 0.727708 0.727708 0.727708
1790.489990 0.000000 1124.378296 0.000000 0.446827 0.000000 0.894620 0.485585 0.485585 0.485585
1763.230347 0.000000 1145.567139 0.000000 0.760751 0.000000 0.649044 0.581377 0.581377 0.581377
1785.406982 0.000000 1126.814697 0.000000 0.519270 0.000000 0.854610 0.505347 0.505347 0.505347
1787.421143 0.000000 1124.386841 0.000000 0.880056 0.000000 -0.474870 0.868129 0.868129 0.868129
1763.047241 0.000000 1138.997559 0.000000 0.806561 0.000000 0.591151 0.599005 0.599005 0.599005
1760.625244 0.000000 1125.149536 0.000000 0.738923 0.000000 0.673790 0.573499 0.573499 0.573499
1763.040039 0.000000 1132.834595 0.000000 0.094958 0.000000 0.995481 0.397704 0.397704 0.397704
1783.148071 0.000000 1121.345459 0.000000 0.770254 0.000000 -0.637737 0.915097 0.915097 0.915097
1780.855835 0.000000 1129.065063 0.000000 0.862698 0.000000 0.505719 0.623420 0.623420 0.623420
1764.236938 0.000000 1136.704102 0.000000 0.729970 0.000000 -0.683479 0.929650 0.929650 0.929650
1787.128174 0.000000 1122.171509 0.000000 0.563897 0.000000 -0.825845 0.981976 0.981976 0.981976
1783.492920 0.000000 1127.412354 0.000000 0.243555 0.000000 -0.969887 1.066265 1.066265 1.066265
1787.452393 0.000000 1119.800781 0.000000 0.993690 0.000000 0.112163 0.723167 0.723167 0.723167
1788.899780 0.000000 1123.070068 0.000000 0.914577 0.000000 -0.404412 0.849393 0.849393 0.849393
1786.933105 0.000000 1128.144531 0.000000 0.989997 0.000000 0.141086 0.716205 0.716205 0.716205
1788.907349 0.000000 1125.522217 0.000000 0.809799 0.000000 0.586708 0.600318 0.600318 0.600318
1763.254761 0.000000 1119.743896 0.000000 0.956374 0.000000 0.292147 0.679223 0.679223 0.679223
1787.260742 0.000000 1126.122192 0.000000 0.981071 0.000000 -0.193647 0.796524 0.796524 0.796524
1761.281982 0.000000 1126.705811 0.000000 0.994879 0.000000 0.101068 0.725830 0.725830 0.725830
1783.781982 0.000000 1119.754639 0.000000 0.890892 0.000000 0.454215 0.637440 0.637440 0.637440
1759.915039 0.000000 1129.500000 0.000000 0.362736 0.000000 -0.931892 1.036382 1.036382 1.036382
1780.656250 0.000000 1121.519165 0.000000 0.358937 0.000000 0.933362 0.462646 0.462646 0.462646
1786.025757 0.000000 1123.428833 0.000000 0.939263 0.000000 0.343199 0.666367 0.666367 0.666367
1759.879639 0.000000 1126.330322 0.000000 0.969747 0.000000 -0.244113 0.808873 0.808873 0.808873
1761.918335 0.000000 1124.579834 0.000000 0.586934 0.000000 -0.809634 0.975251 0.975251 0.975251
1789.128540 0.000000 1124.346191 0.000000 0.950042 0.000000 0.312122 0.674220 0.674220 0.674220
1770.268311 0.000000 1181.241943 0.000000 0.326212 0.000000 0.945297 0.454329 0.454329 0.454329
1783.280273 0.000000 1161.421875 0.000000 0.494267 0.000000 0.869310 0.498423 0.498423 0.498423
1787.124756 0.000000 1177.739258 0.000000 0.994636 0.000000 -0.103432 0.774737 0.774737 0.774737
1772.047363 0.000000 1155.499512 0.000000 0.985262 0.000000 0.171051 0.708963 0.708963 0.708963
1776.251221 0.000000 1170.614990 0.000000 0.461731 0.000000 -0.887020 1.010421 1.010421 1.010421
1781.052734 0.000000 1151.863647 0.000000 0.206767 0.000000 -0.978390 1.075279 1.075279 1.075279
1783.280273 0.000000 1193.414062 0.000000 0.140350 0.000000 0.990102 0.408617 0.408617 0.408617
1802.264404 0.000000 1053.273193 0.000000 0.928514 0.000000 -0.371299 0.840815 0.840815 0.840815
1797.196655 0.000000 1038.372314 0.000000 0.765565 0.000000 0.643359 0.583155 0.583155 0.583155
1792.006226 0.000000 1048.850220 0.000000 0.658187 0.000000 0.752855 0.546507 0.546507 0.546507
1802.264404 0.000000 1085.265381 0.000000 0.303290 0.000000 0.952898 0.448564 0.448564 0.448564
1797.196655 0.000000 1070.364502 0.000000 0.998523 0.000000 0.054335 0.737022 0.737022 0.737022
1792.012817 0.000000 1063.841553 0.000000 0.405239 0.000000 -0.914211 1.025391 1.025391 1.025391
1791.789673 0.000000 1057.536743 0.000000 0.530217 0.000000 -0.847862 0.991583 0.991583 0.991583
1792.217773 0.000000 1069.057739 0.000000 0.343024 0.000000 0.939327 0.458588 0.458588 0.458588
1798.891235 0.000000 1081.376831 0.000000 0.776030 0.000000 0.630696 0.587077 0.587077 0.587077
1795.296021 0.000000 1060.700073 0.000000 0.461329 0.000000 0.887229 0.489470 0.489470 0.489470
1795.495850 0.000000 1066.252686 0.000000 0.377033 0.000000 -0.926200 1.032708 1.032708 1.032708
1792.621338 0.000000 1061.165161 0.000000 0.692375 0.000000 -0.721538 0.942423 0.942423 0.942423
1800.401855 0.000000 1083.478271 0.000000 0.834460 0.000000 -0.551069 0.889335 0.889335 0.889335
1798.064697 0.000000 1083.503174 0.000000 0.779828 0.000000 -0.625993 0.911480 0.911480 0.911480
1800.955322 0.000000 1087.005737 0.000000 0.316720 0.000000 -0.948519 1.048064 1.048064 1.048064
1798.808350 0.000000 1087.687378 0.000000 0.791504 0.000000 -0.611164 0.906974 0.906974 0.906974
1800.692261 0.000000 1085.224854 0.000000 0.033532 0.000000 -0.999438 1.116993 1.116993 1.116993
1801.768799 0.000000 1082.687988 0.000000 0.954073 0.000000 -0.299574 0.822633 0.822633 0.822633
1799.226685 0.000000 1084.322144 0.000000 0.980922 0.000000 -0.194403 0.796708 0.796708 0.796708
1799.227661 0.000000 1082.711304 0.000000 0.351573 0.000000 0.936161 0.460765 0.460765 0.460765
1796.630493 0.000000 1083.653198 0.000000 0.935732 0.000000 0.352711 0.663945 0.663945 0.663945
1798.071777 0.000000 1082.253906 0.000000 0.564868 0.000000 -0.825181 0.981695 0.981695 0.981695
1797.196655 0.000000 1102.356689 0.000000 0.996192 0.000000 -0.087188 0.770841 0.770841 0.770841
1804.043457 0.000000 1091.515137 0.000000 0.710609 0.000000 -0.703587 0.936315 0.936315 0.936315
1792.012817 0.000000 1095.833740 0.000000 0.837230 0.000000 -0.546852 0.888130 0.888130 0.888130
1798.772095 0.000000 1095.472290 0.000000 0.992678 0.000000 -0.120787 0.778906 0.778906 0.778906
1792.159302 0.000000 1106.201538 0.000000 0.222535 0.000000 -0.974925 1.071425 1.071425 1.071425
1803.591309 0.000000 1102.892700 0.000000 0.064436 0.000000 -0.997922 1.109606 1.109606 1.109606
1801.547363 0.000000 1087.885376 0.000000 0.280463 0.000000 -0.959865 1.057134 1.057134 1.057134
1795.296021 0.000000 1092.692261 0.000000 0.568777 0.000000 0.822491 0.519438 0.519438 0.519438
1799.851440 0.000000 1091.432495 0.000000 0.932893 0.000000 -0.360153 0.837957 0.837957 0.837957
1802.918091 0.000000 1094.653687 0.000000 0.305984 0.000000 0.952037 0.449239 0.449239 0.449239
1807.803955 0.000000 1092.098511 0.000000 0.847385 0.000000 0.530979 0.616368 0.616368 0.616368
1792.621338 0.000000 1093.157349 0.000000 0.333458 0.000000 0.942765 0.456162 0.456162 0.456162
1800.489502 0.000000 1093.765137 0.000000 0.084987 0.000000 -0.996382 1.104686 1.104686 1.104686
1806.812988 0.000000 1101.947388 0.000000 0.374747 0.000000 0.927127 0.466703 0.466703 0.466703
1796.233032 0.000000 1104.711914 0.000000 0.745287 0.000000 0.666744 0.575766 0.575766 0.575766
1791.795044 0.000000 1103.956909 0.000000 0.351235 0.000000 -0.936287 1.039321 1.039321 1.039321
1797.824951 0.000000 1097.498535 0.000000 0.824736 0.000000 -0.565519 0.893493 0.893493 0.893493
1804.649292 0.000000 1093.503418 0.000000 0.723012 0.000000 -0.690835 0.932068 0.932068 0.932068
1802.318604 0.000000 1092.666870 0.000000 0.475456 0.000000 0.879739 0.493288 0.493288 0.493288
1793.301758 0.000000 1107.734985 0.000000 0.983032 0.000000 0.183432 0.705960 0.705960 0.705960
1793.927124 0.000000 1105.473877 0.000000 0.341461 0.000000 -0.939896 1.041809 1.041809 1.041809
1804.774902 0.000000 1095.296387 0.000000 0.653491 0.000000 -0.756934 0.954978 0.954978 0.954978
1798.753906 0.000000 1092.667969 0.000000 0.561520 0.000000 -0.827463 0.982662 0.982662 0.982662
1798.431885 0.000000 1087.796265 0.000000 0.929635 0.000000 -0.368482 0.840092 0.840092 0.840092
1791.791260 0.000000 1107.680298 0.000000 0.383700 0.000000 -0.923458 1.030987 1.030987 1.030987
1792.233154 0.000000 1102.591064 0.000000 0.074136 0.000000 -0.997248 1.107285 1.107285 1.107285
1799.079590 0.000000 1094.059326 0.000000 0.724242 0.000000 -0.689546 0.931642 0.931642 0.931642
1793.083130 0.000000 1104.332031 0.000000 0.853863 0.000000 0.520497 0.619310 0.619310 0.619310
"}
